5.56568e-13	0
1.6697e-12	-0.00011526
2.78284e-12	-0.000115997
3.89598e-12	-0.000116698
5.00911e-12	-0.000117361
6.12225e-12	-0.000117984
7.23538e-12	-0.000118567
8.34852e-12	-0.000119108
9.46166e-12	-0.000119606
1.05748e-11	-0.000120058
1.16879e-11	-0.000120465
1.28011e-11	-0.000120823
1.39142e-11	-0.000121132
1.50273e-11	-0.000121391
1.61405e-11	-0.000121597
1.72536e-11	-0.000121749
1.83667e-11	-0.000121845
1.94799e-11	-0.000121885
2.0593e-11	-0.000121866
2.17062e-11	-0.000121787
2.28193e-11	-0.000121646
2.39324e-11	-0.000121442
2.50456e-11	-0.000121173
2.61587e-11	-0.000120837
2.72718e-11	-0.000120433
2.8385e-11	-0.000119958
2.94981e-11	-0.000119413
3.06112e-11	-0.000118793
3.17244e-11	-0.000118099
3.28375e-11	-0.000117329
3.39506e-11	-0.000116479
3.50638e-11	-0.00011555
3.61769e-11	-0.000114539
3.72901e-11	-0.000113444
3.84032e-11	-0.000112265
3.95163e-11	-0.000110998
4.06295e-11	-0.000109642
4.17426e-11	-0.000108196
4.28557e-11	-0.000106658
4.39689e-11	-0.000105027
4.5082e-11	-0.000103299
4.61951e-11	-0.000101474
4.73083e-11	-9.95507e-05
4.84214e-11	-9.75262e-05
4.95346e-11	-9.53992e-05
5.06477e-11	-9.31681e-05
5.17608e-11	-9.08311e-05
5.2874e-11	-8.83866e-05
5.39871e-11	-8.58329e-05
5.51002e-11	-8.31682e-05
5.62134e-11	-8.0391e-05
5.73265e-11	-7.74995e-05
5.84396e-11	-7.44922e-05
5.95528e-11	-7.13674e-05
6.06659e-11	-6.81236e-05
6.1779e-11	-6.4759e-05
6.28922e-11	-6.12723e-05
6.40053e-11	-5.76617e-05
6.51185e-11	-5.39258e-05
6.62316e-11	-5.0063e-05
6.73447e-11	-4.60719e-05
6.84579e-11	-4.1951e-05
6.9571e-11	-3.76989e-05
7.06841e-11	-3.33141e-05
7.17973e-11	-2.87953e-05
7.29104e-11	-2.41411e-05
7.40235e-11	-1.93502e-05
7.51367e-11	-1.44214e-05
7.62498e-11	-9.35322e-06
7.7363e-11	-4.14462e-06
7.84761e-11	1.20563e-06
7.95892e-11	6.69867e-06
8.07024e-11	1.23356e-05
8.18155e-11	1.81175e-05
8.29286e-11	2.40454e-05
8.40418e-11	3.01203e-05
8.51549e-11	3.6343e-05
8.6268e-11	4.27145e-05
8.73812e-11	4.92355e-05
8.84943e-11	5.5907e-05
8.96075e-11	6.27295e-05
9.07206e-11	6.97038e-05
9.18337e-11	7.68305e-05
9.29469e-11	8.41102e-05
9.406e-11	9.15433e-05
9.51731e-11	9.91302e-05
9.62863e-11	0.000106871
9.73994e-11	0.000114767
9.85125e-11	0.000122818
9.96257e-11	0.000131023
1.00739e-10	0.000139384
1.01852e-10	0.000147899
1.02965e-10	0.00015657
1.04078e-10	0.000165396
1.05191e-10	0.000174376
1.06304e-10	0.000183511
1.07418e-10	0.0001928
1.08531e-10	0.000202243
1.09644e-10	0.000211838
1.10757e-10	0.000221587
1.1187e-10	0.000231487
1.12983e-10	0.000241538
1.14096e-10	0.000251739
1.1521e-10	0.00026209
1.16323e-10	0.000272589
1.17436e-10	0.000283234
1.18549e-10	0.000294026
1.19662e-10	0.000304961
1.20775e-10	0.00031604
1.21888e-10	0.000327259
1.23002e-10	0.000338619
1.24115e-10	0.000350116
1.25228e-10	0.000361749
1.26341e-10	0.000373516
1.27454e-10	0.000385415
1.28567e-10	0.000397443
1.2968e-10	0.000409598
1.30793e-10	0.000421879
1.31907e-10	0.000434281
1.3302e-10	0.000446803
1.34133e-10	0.000459441
1.35246e-10	0.000472193
1.36359e-10	0.000485055
1.37472e-10	0.000498025
1.38585e-10	0.000511099
1.39699e-10	0.000524273
1.40812e-10	0.000537544
1.41925e-10	0.000550908
1.43038e-10	0.000564361
1.44151e-10	0.0005779
1.45264e-10	0.00059152
1.46377e-10	0.000605216
1.47491e-10	0.000618985
1.48604e-10	0.000632822
1.49717e-10	0.000646722
1.5083e-10	0.00066068
1.51943e-10	0.000674691
1.53056e-10	0.000688751
1.54169e-10	0.000702853
1.55282e-10	0.000716992
1.56396e-10	0.000731164
1.57509e-10	0.000745361
1.58622e-10	0.000759579
1.59735e-10	0.00077381
1.60848e-10	0.00078805
1.61961e-10	0.000802291
1.63074e-10	0.000816527
1.64188e-10	0.000830751
1.65301e-10	0.000844957
1.66414e-10	0.000859138
1.67527e-10	0.000873286
1.6864e-10	0.000887394
1.69753e-10	0.000901456
1.70866e-10	0.000915462
1.7198e-10	0.000929406
1.73093e-10	0.00094328
1.74206e-10	0.000957075
1.75319e-10	0.000970784
1.76432e-10	0.000984398
1.77545e-10	0.000997908
1.78658e-10	0.00101131
1.79771e-10	0.00102458
1.80885e-10	0.00103773
1.81998e-10	0.00105074
1.83111e-10	0.0010636
1.84224e-10	0.0010763
1.85337e-10	0.00108884
1.8645e-10	0.0011012
1.87563e-10	0.00111337
1.88677e-10	0.00112534
1.8979e-10	0.00113711
1.90903e-10	0.00114866
1.92016e-10	0.00115998
1.93129e-10	0.00117107
1.94242e-10	0.0011819
1.95355e-10	0.00119248
1.96469e-10	0.00120279
1.97582e-10	0.00121281
1.98695e-10	0.00122254
1.99808e-10	0.00123197
2.00921e-10	0.00124108
2.02034e-10	0.00124986
2.03147e-10	0.00125831
2.0426e-10	0.0012664
2.05374e-10	0.00127413
2.06487e-10	0.00128148
2.076e-10	0.00128845
2.08713e-10	0.00129502
2.09826e-10	0.00130118
2.10939e-10	0.00130691
2.12052e-10	0.00131221
2.13166e-10	0.00131705
2.14279e-10	0.00132144
2.15392e-10	0.00132535
2.16505e-10	0.00132877
2.17618e-10	0.00133169
2.18731e-10	0.00133409
2.19844e-10	0.00133597
2.20958e-10	0.00133731
2.22071e-10	0.0013381
2.23184e-10	0.00133832
2.24297e-10	0.00133796
2.2541e-10	0.00133701
2.26523e-10	0.00133545
2.27636e-10	0.00133327
2.28749e-10	0.00133045
2.29863e-10	0.00132699
2.30976e-10	0.00132287
2.32089e-10	0.00131808
2.33202e-10	0.0013126
2.34315e-10	0.00130641
2.35428e-10	0.00129952
2.36541e-10	0.00129189
2.37655e-10	0.00128353
2.38768e-10	0.00127441
2.39881e-10	0.00126452
2.40994e-10	0.00125386
2.42107e-10	0.0012424
2.4322e-10	0.00123013
2.44333e-10	0.00121704
2.45446e-10	0.00120312
2.4656e-10	0.00118835
2.47673e-10	0.00117272
2.48786e-10	0.00115622
2.49899e-10	0.00113884
2.51012e-10	0.00112056
2.52125e-10	0.00110137
2.53238e-10	0.00108126
2.54352e-10	0.00106021
2.55465e-10	0.00103822
2.56578e-10	0.00101528
2.57691e-10	0.000991359
2.58804e-10	0.000966461
2.59917e-10	0.000940572
2.6103e-10	0.000913681
2.62144e-10	0.000885775
2.63257e-10	0.000856846
2.6437e-10	0.000826881
2.65483e-10	0.000795871
2.66596e-10	0.000763807
2.67709e-10	0.000730678
2.68822e-10	0.000696474
2.69935e-10	0.000661188
2.71049e-10	0.000624809
2.72162e-10	0.00058733
2.73275e-10	0.000548741
2.74388e-10	0.000509035
2.75501e-10	0.000468205
2.76614e-10	0.000426242
2.77727e-10	0.000383141
2.78841e-10	0.000338893
2.79954e-10	0.000293494
2.81067e-10	0.000246937
2.8218e-10	0.000199216
2.83293e-10	0.000150327
2.84406e-10	0.000100265
2.85519e-10	4.90247e-05
2.86633e-10	-3.39668e-06
2.87746e-10	-5.7003e-05
2.88859e-10	-0.000111797
2.89972e-10	-0.000167782
2.91085e-10	-0.000224959
2.92198e-10	-0.00028333
2.93311e-10	-0.000342896
2.94424e-10	-0.000403658
2.95538e-10	-0.000465615
2.96651e-10	-0.000528768
2.97764e-10	-0.000593115
2.98877e-10	-0.000658655
2.9999e-10	-0.000725385
3.01103e-10	-0.000793304
3.02216e-10	-0.000862407
3.0333e-10	-0.000932692
3.04443e-10	-0.00100415
3.05556e-10	-0.00107678
3.06669e-10	-0.00115058
3.07782e-10	-0.00122554
3.08895e-10	-0.00130165
3.10008e-10	-0.00137891
3.11122e-10	-0.0014573
3.12235e-10	-0.00153682
3.13348e-10	-0.00161746
3.14461e-10	-0.0016992
3.15574e-10	-0.00178205
3.16687e-10	-0.00186597
3.178e-10	-0.00195098
3.18913e-10	-0.00203704
3.20027e-10	-0.00212415
3.2114e-10	-0.00221229
3.22253e-10	-0.00230144
3.23366e-10	-0.0023916
3.24479e-10	-0.00248273
3.25592e-10	-0.00257484
3.26705e-10	-0.00266789
3.27819e-10	-0.00276187
3.28932e-10	-0.00285675
3.30045e-10	-0.00295253
3.31158e-10	-0.00304916
3.32271e-10	-0.00314665
3.33384e-10	-0.00324495
3.34497e-10	-0.00334404
3.35611e-10	-0.00344391
3.36724e-10	-0.00354452
3.37837e-10	-0.00364584
3.3895e-10	-0.00374786
3.40063e-10	-0.00385054
3.41176e-10	-0.00395385
3.42289e-10	-0.00405777
3.43402e-10	-0.00416225
3.44516e-10	-0.00426728
3.45629e-10	-0.00437281
3.46742e-10	-0.00447882
3.47855e-10	-0.00458526
3.48968e-10	-0.0046921
3.50081e-10	-0.00479932
3.51194e-10	-0.00490686
3.52308e-10	-0.00501469
3.53421e-10	-0.00512277
3.54534e-10	-0.00523107
3.55647e-10	-0.00533954
3.5676e-10	-0.00544814
3.57873e-10	-0.00555682
3.58986e-10	-0.00566555
3.601e-10	-0.00577428
3.61213e-10	-0.00588296
3.62326e-10	-0.00599155
3.63439e-10	-0.0061
3.64552e-10	-0.00620826
3.65665e-10	-0.00631629
3.66778e-10	-0.00642403
3.67891e-10	-0.00653143
3.69005e-10	-0.00663845
3.70118e-10	-0.00674502
3.71231e-10	-0.0068511
3.72344e-10	-0.00695664
3.73457e-10	-0.00706157
3.7457e-10	-0.00716584
3.75683e-10	-0.0072694
3.76797e-10	-0.00737219
3.7791e-10	-0.00747415
3.79023e-10	-0.00757521
3.80136e-10	-0.00767533
3.81249e-10	-0.00777444
3.82362e-10	-0.00787249
3.83475e-10	-0.00796939
3.84588e-10	-0.00806511
3.85702e-10	-0.00815956
3.86815e-10	-0.00825269
3.87928e-10	-0.00834444
3.89041e-10	-0.00843473
3.90154e-10	-0.0085235
3.91267e-10	-0.00861069
3.9238e-10	-0.00869622
3.93494e-10	-0.00878003
3.94607e-10	-0.00886205
3.9572e-10	-0.00894221
3.96833e-10	-0.00902044
3.97946e-10	-0.00909667
3.99059e-10	-0.00917083
4.00172e-10	-0.00924285
4.01286e-10	-0.00931265
4.02399e-10	-0.00938017
4.03512e-10	-0.00944533
4.04625e-10	-0.00950805
4.05738e-10	-0.00956827
4.06851e-10	-0.00962591
4.07964e-10	-0.0096809
4.09077e-10	-0.00973315
4.10191e-10	-0.00978261
4.11304e-10	-0.00982918
4.12417e-10	-0.0098728
4.1353e-10	-0.00991339
4.14643e-10	-0.00995088
4.15756e-10	-0.00998518
4.16869e-10	-0.0100162
4.17983e-10	-0.0100439
4.19096e-10	-0.0100683
4.20209e-10	-0.0100891
4.21322e-10	-0.0101063
4.22435e-10	-0.01012
4.23548e-10	-0.0101299
4.24661e-10	-0.010136
4.25775e-10	-0.0101382
4.26888e-10	-0.0101365
4.28001e-10	-0.0101308
4.29114e-10	-0.010121
4.30227e-10	-0.0101071
4.3134e-10	-0.0100889
4.32453e-10	-0.0100664
4.33566e-10	-0.0100395
4.3468e-10	-0.0100081
4.35793e-10	-0.0099722
4.36906e-10	-0.0099317
4.38019e-10	-0.00988652
4.39132e-10	-0.00983659
4.40245e-10	-0.00978184
4.41358e-10	-0.0097222
4.42472e-10	-0.00965761
4.43585e-10	-0.00958799
4.44698e-10	-0.00951327
4.45811e-10	-0.0094334
4.46924e-10	-0.0093483
4.48037e-10	-0.00925791
4.4915e-10	-0.00916217
4.50264e-10	-0.00906101
4.51377e-10	-0.00895438
4.5249e-10	-0.0088422
4.53603e-10	-0.00872443
4.54716e-10	-0.008601
4.55829e-10	-0.00847186
4.56942e-10	-0.00833696
4.58055e-10	-0.00819623
4.59169e-10	-0.00804962
4.60282e-10	-0.0078971
4.61395e-10	-0.0077386
4.62508e-10	-0.00757407
4.63621e-10	-0.00740347
4.64734e-10	-0.00722676
4.65847e-10	-0.0070439
4.66961e-10	-0.00685483
4.68074e-10	-0.00665952
4.69187e-10	-0.00645794
4.703e-10	-0.00625005
4.71413e-10	-0.00603581
4.72526e-10	-0.00581519
4.73639e-10	-0.00558816
4.74753e-10	-0.00535469
4.75866e-10	-0.00511477
4.76979e-10	-0.00486835
4.78092e-10	-0.00461544
4.79205e-10	-0.00435599
4.80318e-10	-0.00409
4.81431e-10	-0.00381746
4.82544e-10	-0.00353834
4.83658e-10	-0.00325265
4.84771e-10	-0.00296037
4.85884e-10	-0.0026615
4.86997e-10	-0.00235604
4.8811e-10	-0.00204399
4.89223e-10	-0.00172535
4.90336e-10	-0.00140013
4.9145e-10	-0.00106833
4.92563e-10	-0.00072998
4.93676e-10	-0.000385081
4.94789e-10	-3.36531e-05
4.95902e-10	0.000324282
4.97015e-10	0.000688701
4.98128e-10	0.00105958
4.99242e-10	0.00143688
5.00355e-10	0.00182058
5.01468e-10	0.00221064
5.02581e-10	0.00260702
5.03694e-10	0.00300967
5.04807e-10	0.00341856
5.0592e-10	0.00383363
5.07033e-10	0.00425483
5.08147e-10	0.0046821
5.0926e-10	0.00511539
5.10373e-10	0.00555464
5.11486e-10	0.00599977
5.12599e-10	0.00645071
5.13712e-10	0.00690741
5.14825e-10	0.00736977
5.15939e-10	0.00783771
5.17052e-10	0.00831117
5.18165e-10	0.00879003
5.19278e-10	0.00927423
5.20391e-10	0.00976365
5.21504e-10	0.0102582
5.22617e-10	0.0107578
5.23731e-10	0.0112623
5.24844e-10	0.0117716
5.25957e-10	0.0122856
5.2707e-10	0.0128043
5.28183e-10	0.0133273
5.29296e-10	0.0138547
5.30409e-10	0.0143863
5.31522e-10	0.014922
5.32636e-10	0.0154617
5.33749e-10	0.0160051
5.34862e-10	0.0165522
5.35975e-10	0.0171027
5.37088e-10	0.0176567
5.38201e-10	0.0182138
5.39314e-10	0.018774
5.40428e-10	0.019337
5.41541e-10	0.0199028
5.42654e-10	0.0204711
5.43767e-10	0.0210417
5.4488e-10	0.0216146
5.45993e-10	0.0221894
5.47106e-10	0.022766
5.48219e-10	0.0233443
5.49333e-10	0.023924
5.50446e-10	0.0245049
5.51559e-10	0.0250868
5.52672e-10	0.0256696
5.53785e-10	0.026253
5.54898e-10	0.0268368
5.56011e-10	0.0274207
5.57125e-10	0.0280047
5.58238e-10	0.0285883
5.59351e-10	0.0291715
5.60464e-10	0.029754
5.61577e-10	0.0303355
5.6269e-10	0.0309158
5.63803e-10	0.0314947
5.64917e-10	0.0320719
5.6603e-10	0.0326472
5.67143e-10	0.0332203
5.68256e-10	0.0337909
5.69369e-10	0.0343589
5.70482e-10	0.034924
5.71595e-10	0.0354858
5.72708e-10	0.0360442
5.73822e-10	0.0365988
5.74935e-10	0.0371494
5.76048e-10	0.0376958
5.77161e-10	0.0382375
5.78274e-10	0.0387744
5.79387e-10	0.0393062
5.805e-10	0.0398326
5.81614e-10	0.0403532
5.82727e-10	0.0408679
5.8384e-10	0.0413763
5.84953e-10	0.0418781
5.86066e-10	0.042373
5.87179e-10	0.0428608
5.88292e-10	0.0433411
5.89406e-10	0.0438136
5.90519e-10	0.044278
5.91632e-10	0.0447341
5.92745e-10	0.0451814
5.93858e-10	0.0456198
5.94971e-10	0.0460489
5.96084e-10	0.0464683
5.97197e-10	0.0468779
5.98311e-10	0.0472772
5.99424e-10	0.0476659
6.00537e-10	0.0480438
6.0165e-10	0.0484105
6.02763e-10	0.0487657
6.03876e-10	0.0491091
6.04989e-10	0.0494403
6.06103e-10	0.0497591
6.07216e-10	0.0500652
6.08329e-10	0.0503582
6.09442e-10	0.0506378
6.10555e-10	0.0509037
6.11668e-10	0.0511556
6.12781e-10	0.0513931
6.13895e-10	0.051616
6.15008e-10	0.0518239
6.16121e-10	0.0520166
6.17234e-10	0.0521937
6.18347e-10	0.0523549
6.1946e-10	0.0524999
6.20573e-10	0.0526284
6.21686e-10	0.0527402
6.228e-10	0.0528348
6.23913e-10	0.052912
6.25026e-10	0.0529715
6.26139e-10	0.053013
6.27252e-10	0.0530362
6.28365e-10	0.0530408
6.29478e-10	0.0530266
6.30592e-10	0.0529932
6.31705e-10	0.0529404
6.32818e-10	0.0528679
6.33931e-10	0.0527754
6.35044e-10	0.0526626
6.36157e-10	0.0525294
6.3727e-10	0.0523753
6.38384e-10	0.0522002
6.39497e-10	0.0520039
6.4061e-10	0.0517859
6.41723e-10	0.0515462
6.42836e-10	0.0512845
6.43949e-10	0.0510005
6.45062e-10	0.050694
6.46175e-10	0.0503648
6.47289e-10	0.0500126
6.48402e-10	0.0496373
6.49515e-10	0.0492387
6.50628e-10	0.0488164
6.51741e-10	0.0483705
6.52854e-10	0.0479005
6.53967e-10	0.0474065
6.55081e-10	0.0468881
6.56194e-10	0.0463453
6.57307e-10	0.0457778
6.5842e-10	0.0451855
6.59533e-10	0.0445683
6.60646e-10	0.043926
6.61759e-10	0.0432584
6.62873e-10	0.0425656
6.63986e-10	0.0418472
6.65099e-10	0.0411033
6.66212e-10	0.0403337
6.67325e-10	0.0395384
6.68438e-10	0.0387171
6.69551e-10	0.03787
6.70664e-10	0.0369969
6.71778e-10	0.0360977
6.72891e-10	0.0351724
6.74004e-10	0.0342209
6.75117e-10	0.0332433
6.7623e-10	0.0322395
6.77343e-10	0.0312094
6.78456e-10	0.0301532
6.7957e-10	0.0290707
6.80683e-10	0.0279621
6.81796e-10	0.0268273
6.82909e-10	0.0256664
6.84022e-10	0.0244794
6.85135e-10	0.0232664
6.86248e-10	0.0220275
6.87361e-10	0.0207627
6.88475e-10	0.0194721
6.89588e-10	0.0181559
6.90701e-10	0.0168142
6.91814e-10	0.015447
6.92927e-10	0.0140545
6.9404e-10	0.0126369
6.95153e-10	0.0111943
6.96267e-10	0.0097269
6.9738e-10	0.00823488
6.98493e-10	0.00671844
6.99606e-10	0.00517777
7.00719e-10	0.0036131
7.01832e-10	0.00202466
7.02945e-10	0.000412694
7.04059e-10	-0.00122255
7.05172e-10	-0.00288079
7.06285e-10	-0.00456176
7.07398e-10	-0.00626517
7.08511e-10	-0.0079907
7.09624e-10	-0.00973804
7.10737e-10	-0.0115069
7.1185e-10	-0.0132968
7.12964e-10	-0.0151076
7.14077e-10	-0.0169388
7.1519e-10	-0.01879
7.16303e-10	-0.0206609
7.17416e-10	-0.022551
7.18529e-10	-0.0244599
7.19642e-10	-0.0263872
7.20756e-10	-0.0283325
7.21869e-10	-0.0302953
7.22982e-10	-0.0322751
7.24095e-10	-0.0342715
7.25208e-10	-0.0362839
7.26321e-10	-0.0383119
7.27434e-10	-0.040355
7.28548e-10	-0.0424125
7.29661e-10	-0.044484
7.30774e-10	-0.0465689
7.31887e-10	-0.0486667
7.33e-10	-0.0507767
7.34113e-10	-0.0528984
7.35226e-10	-0.0550312
7.36339e-10	-0.0571744
7.37453e-10	-0.0593275
7.38566e-10	-0.0614897
7.39679e-10	-0.0636605
7.40792e-10	-0.0658392
7.41905e-10	-0.0680251
7.43018e-10	-0.0702175
7.44131e-10	-0.0724157
7.45245e-10	-0.0746191
7.46358e-10	-0.0768268
7.47471e-10	-0.0790383
7.48584e-10	-0.0812527
7.49697e-10	-0.0834692
7.5081e-10	-0.0856872
7.51923e-10	-0.0879059
7.53037e-10	-0.0901245
7.5415e-10	-0.0923421
7.55263e-10	-0.094558
7.56376e-10	-0.0967714
7.57489e-10	-0.0989815
7.58602e-10	-0.101187
7.59715e-10	-0.103388
7.60828e-10	-0.105583
7.61942e-10	-0.107772
7.63055e-10	-0.109953
7.64168e-10	-0.112125
7.65281e-10	-0.114288
7.66394e-10	-0.116441
7.67507e-10	-0.118583
7.6862e-10	-0.120713
7.69734e-10	-0.12283
7.70847e-10	-0.124934
7.7196e-10	-0.127022
7.73073e-10	-0.129095
7.74186e-10	-0.131152
7.75299e-10	-0.133191
7.76412e-10	-0.135211
7.77526e-10	-0.137212
7.78639e-10	-0.139193
7.79752e-10	-0.141153
7.80865e-10	-0.143091
7.81978e-10	-0.145005
7.83091e-10	-0.146895
7.84204e-10	-0.14876
7.85317e-10	-0.150599
7.86431e-10	-0.152411
7.87544e-10	-0.154196
7.88657e-10	-0.155951
7.8977e-10	-0.157676
7.90883e-10	-0.15937
7.91996e-10	-0.161033
7.93109e-10	-0.162662
7.94223e-10	-0.164258
7.95336e-10	-0.165819
7.96449e-10	-0.167345
7.97562e-10	-0.168833
7.98675e-10	-0.170284
7.99788e-10	-0.171697
8.00901e-10	-0.17307
8.02015e-10	-0.174402
8.03128e-10	-0.175693
8.04241e-10	-0.176941
8.05354e-10	-0.178146
8.06467e-10	-0.179306
8.0758e-10	-0.180422
8.08693e-10	-0.181491
8.09806e-10	-0.182513
8.1092e-10	-0.183487
8.12033e-10	-0.184412
8.13146e-10	-0.185287
8.14259e-10	-0.186112
8.15372e-10	-0.186885
8.16485e-10	-0.187605
8.17598e-10	-0.188272
8.18712e-10	-0.188885
8.19825e-10	-0.189443
8.20938e-10	-0.189945
8.22051e-10	-0.190391
8.23164e-10	-0.190778
8.24277e-10	-0.191108
8.2539e-10	-0.191378
8.26503e-10	-0.191589
8.27617e-10	-0.191739
8.2873e-10	-0.191827
8.29843e-10	-0.191854
8.30956e-10	-0.191817
8.32069e-10	-0.191718
8.33182e-10	-0.191553
8.34295e-10	-0.191324
8.35409e-10	-0.19103
8.36522e-10	-0.190669
8.37635e-10	-0.190241
8.38748e-10	-0.189746
8.39861e-10	-0.189182
8.40974e-10	-0.188551
8.42087e-10	-0.18785
8.43201e-10	-0.187079
8.44314e-10	-0.186238
8.45427e-10	-0.185326
8.4654e-10	-0.184344
8.47653e-10	-0.183289
8.48766e-10	-0.182163
8.49879e-10	-0.180964
8.50992e-10	-0.179692
8.52106e-10	-0.178347
8.53219e-10	-0.176928
8.54332e-10	-0.175436
8.55445e-10	-0.173869
8.56558e-10	-0.172228
8.57671e-10	-0.170512
8.58784e-10	-0.168721
8.59898e-10	-0.166855
8.61011e-10	-0.164914
8.62124e-10	-0.162897
8.63237e-10	-0.160805
8.6435e-10	-0.158637
8.65463e-10	-0.156393
8.66576e-10	-0.154073
8.6769e-10	-0.151678
8.68803e-10	-0.149206
8.69916e-10	-0.146659
8.71029e-10	-0.144036
8.72142e-10	-0.141338
8.73255e-10	-0.138564
8.74368e-10	-0.135714
8.75481e-10	-0.132789
8.76595e-10	-0.12979
8.77708e-10	-0.126715
8.78821e-10	-0.123566
8.79934e-10	-0.120343
8.81047e-10	-0.117046
8.8216e-10	-0.113676
8.83273e-10	-0.110232
8.84387e-10	-0.106715
8.855e-10	-0.103126
8.86613e-10	-0.0994657
8.87726e-10	-0.0957337
8.88839e-10	-0.0919309
8.89952e-10	-0.0880579
8.91065e-10	-0.0841152
8.92179e-10	-0.0801035
8.93292e-10	-0.0760235
8.94405e-10	-0.0718758
8.95518e-10	-0.0676611
8.96631e-10	-0.0633803
8.97744e-10	-0.059034
8.98857e-10	-0.0546231
8.9997e-10	-0.0501485
9.01084e-10	-0.045611
9.02197e-10	-0.0410114
9.0331e-10	-0.0363509
9.04423e-10	-0.0316303
9.05536e-10	-0.0268505
9.06649e-10	-0.0220128
9.07762e-10	-0.017118
9.08876e-10	-0.0121674
9.09989e-10	-0.00716194
9.11102e-10	-0.00210289
9.12215e-10	0.00300861
9.13328e-10	0.00817134
9.14441e-10	0.0133841
9.15554e-10	0.0186455
9.16668e-10	0.0239544
9.17781e-10	0.0293093
9.18894e-10	0.034709
9.20007e-10	0.040152
9.2112e-10	0.045637
9.22233e-10	0.0511624
9.23346e-10	0.0567269
9.24459e-10	0.0623288
9.25573e-10	0.0679667
9.26686e-10	0.0736391
9.27799e-10	0.0793443
9.28912e-10	0.0850807
9.30025e-10	0.0908467
9.31138e-10	0.0966407
9.32251e-10	0.102461
9.33365e-10	0.108306
9.34478e-10	0.114173
9.35591e-10	0.120062
9.36704e-10	0.12597
9.37817e-10	0.131895
9.3893e-10	0.137836
9.40043e-10	0.143791
9.41157e-10	0.149758
9.4227e-10	0.155735
9.43383e-10	0.16172
9.44496e-10	0.167711
9.45609e-10	0.173706
9.46722e-10	0.179703
9.47835e-10	0.185701
9.48948e-10	0.191697
9.50062e-10	0.19769
9.51175e-10	0.203676
9.52288e-10	0.209655
9.53401e-10	0.215623
9.54514e-10	0.22158
9.55627e-10	0.227522
9.5674e-10	0.233449
9.57854e-10	0.239357
9.58967e-10	0.245244
9.6008e-10	0.251109
9.61193e-10	0.256948
9.62306e-10	0.262761
9.63419e-10	0.268545
9.64532e-10	0.274297
9.65646e-10	0.280016
9.66759e-10	0.285699
9.67872e-10	0.291344
9.68985e-10	0.296948
9.70098e-10	0.302511
9.71211e-10	0.308028
9.72324e-10	0.313499
9.73437e-10	0.31892
9.74551e-10	0.324291
9.75664e-10	0.329607
9.76777e-10	0.334868
9.7789e-10	0.340071
9.79003e-10	0.345213
9.80116e-10	0.350293
9.81229e-10	0.355308
9.82343e-10	0.360256
9.83456e-10	0.365135
9.84569e-10	0.369943
9.85682e-10	0.374677
9.86795e-10	0.379335
9.87908e-10	0.383915
9.89021e-10	0.388415
9.90134e-10	0.392833
9.91248e-10	0.397166
9.92361e-10	0.401413
9.93474e-10	0.405571
9.94587e-10	0.409638
9.957e-10	0.413612
9.96813e-10	0.417491
9.97926e-10	0.421272
9.9904e-10	0.424955
1.00015e-09	0.428536
1.00127e-09	0.432015
1.00238e-09	0.435387
1.00349e-09	0.438653
1.00461e-09	0.44181
1.00572e-09	0.444855
1.00683e-09	0.447788
1.00794e-09	0.450605
1.00906e-09	0.453306
1.01017e-09	0.455889
1.01128e-09	0.458351
1.0124e-09	0.460691
1.01351e-09	0.462907
1.01462e-09	0.464997
1.01574e-09	0.46696
1.01685e-09	0.468794
1.01796e-09	0.470498
1.01908e-09	0.47207
1.02019e-09	0.473507
1.0213e-09	0.47481
1.02242e-09	0.475976
1.02353e-09	0.477004
1.02464e-09	0.477892
1.02575e-09	0.47864
1.02687e-09	0.479245
1.02798e-09	0.479707
1.02909e-09	0.480024
1.03021e-09	0.480195
1.03132e-09	0.480218
1.03243e-09	0.480094
1.03355e-09	0.47982
1.03466e-09	0.479396
1.03577e-09	0.47882
1.03689e-09	0.478092
1.038e-09	0.477211
1.03911e-09	0.476175
1.04023e-09	0.474985
1.04134e-09	0.473639
1.04245e-09	0.472137
1.04357e-09	0.470477
1.04468e-09	0.46866
1.04579e-09	0.466685
1.0469e-09	0.464551
1.04802e-09	0.462258
1.04913e-09	0.459805
1.05024e-09	0.457192
1.05136e-09	0.454419
1.05247e-09	0.451486
1.05358e-09	0.448392
1.0547e-09	0.445137
1.05581e-09	0.441721
1.05692e-09	0.438144
1.05804e-09	0.434406
1.05915e-09	0.430507
1.06026e-09	0.426448
1.06138e-09	0.422228
1.06249e-09	0.417848
1.0636e-09	0.413308
1.06471e-09	0.408609
1.06583e-09	0.40375
1.06694e-09	0.398732
1.06805e-09	0.393557
1.06917e-09	0.388224
1.07028e-09	0.382734
1.07139e-09	0.377088
1.07251e-09	0.371286
1.07362e-09	0.36533
1.07473e-09	0.35922
1.07585e-09	0.352958
1.07696e-09	0.346544
1.07807e-09	0.339979
1.07919e-09	0.333265
1.0803e-09	0.326402
1.08141e-09	0.319393
1.08252e-09	0.312237
1.08364e-09	0.304937
1.08475e-09	0.297495
1.08586e-09	0.28991
1.08698e-09	0.282186
1.08809e-09	0.274323
1.0892e-09	0.266324
1.09032e-09	0.25819
1.09143e-09	0.249922
1.09254e-09	0.241523
1.09366e-09	0.232995
1.09477e-09	0.224339
1.09588e-09	0.215557
1.097e-09	0.206652
1.09811e-09	0.197626
1.09922e-09	0.18848
1.10033e-09	0.179217
1.10145e-09	0.169839
1.10256e-09	0.160349
1.10367e-09	0.150749
1.10479e-09	0.141041
1.1059e-09	0.131228
1.10701e-09	0.121313
1.10813e-09	0.111297
1.10924e-09	0.101184
1.11035e-09	0.0909762
1.11147e-09	0.0806763
1.11258e-09	0.0702873
1.11369e-09	0.0598118
1.11481e-09	0.0492527
1.11592e-09	0.0386131
1.11703e-09	0.0278957
1.11815e-09	0.0171037
1.11926e-09	0.0062401
1.12037e-09	-0.00469207
1.12148e-09	-0.0156896
1.1226e-09	-0.0267494
1.12371e-09	-0.0378683
1.12482e-09	-0.0490429
1.12594e-09	-0.06027
1.12705e-09	-0.0715462
1.12816e-09	-0.0828683
1.12928e-09	-0.0942328
1.13039e-09	-0.105636
1.1315e-09	-0.117075
1.13262e-09	-0.128546
1.13373e-09	-0.140046
1.13484e-09	-0.151571
1.13596e-09	-0.163117
1.13707e-09	-0.17468
1.13818e-09	-0.186258
1.13929e-09	-0.197847
1.14041e-09	-0.209442
1.14152e-09	-0.221041
1.14263e-09	-0.232639
1.14375e-09	-0.244232
1.14486e-09	-0.255818
1.14597e-09	-0.267391
1.14709e-09	-0.278949
1.1482e-09	-0.290488
1.14931e-09	-0.302003
1.15043e-09	-0.313492
1.15154e-09	-0.324949
1.15265e-09	-0.336372
1.15377e-09	-0.347755
1.15488e-09	-0.359097
1.15599e-09	-0.370392
1.1571e-09	-0.381637
1.15822e-09	-0.392827
1.15933e-09	-0.40396
1.16044e-09	-0.415031
1.16156e-09	-0.426036
1.16267e-09	-0.436971
1.16378e-09	-0.447833
1.1649e-09	-0.458618
1.16601e-09	-0.469321
1.16712e-09	-0.47994
1.16824e-09	-0.490469
1.16935e-09	-0.500906
1.17046e-09	-0.511246
1.17158e-09	-0.521486
1.17269e-09	-0.531622
1.1738e-09	-0.54165
1.17492e-09	-0.551567
1.17603e-09	-0.561368
1.17714e-09	-0.57105
1.17825e-09	-0.58061
1.17937e-09	-0.590043
1.18048e-09	-0.599346
1.18159e-09	-0.608515
1.18271e-09	-0.617548
1.18382e-09	-0.62644
1.18493e-09	-0.635187
1.18605e-09	-0.643787
1.18716e-09	-0.652236
1.18827e-09	-0.66053
1.18939e-09	-0.668667
1.1905e-09	-0.676642
1.19161e-09	-0.684453
1.19273e-09	-0.692096
1.19384e-09	-0.699568
1.19495e-09	-0.706866
1.19606e-09	-0.713987
1.19718e-09	-0.720928
1.19829e-09	-0.727685
1.1994e-09	-0.734256
1.20052e-09	-0.740638
1.20163e-09	-0.746827
1.20274e-09	-0.752822
1.20386e-09	-0.758619
1.20497e-09	-0.764216
1.20608e-09	-0.76961
1.2072e-09	-0.774799
1.20831e-09	-0.779779
1.20942e-09	-0.784548
1.21054e-09	-0.789105
1.21165e-09	-0.793446
1.21276e-09	-0.79757
1.21387e-09	-0.801474
1.21499e-09	-0.805156
1.2161e-09	-0.808614
1.21721e-09	-0.811845
1.21833e-09	-0.814849
1.21944e-09	-0.817623
1.22055e-09	-0.820165
1.22167e-09	-0.822473
1.22278e-09	-0.824547
1.22389e-09	-0.826383
1.22501e-09	-0.827982
1.22612e-09	-0.829341
1.22723e-09	-0.830458
1.22835e-09	-0.831334
1.22946e-09	-0.831965
1.23057e-09	-0.832352
1.23169e-09	-0.832494
1.2328e-09	-0.832388
1.23391e-09	-0.832035
1.23502e-09	-0.831434
1.23614e-09	-0.830583
1.23725e-09	-0.829482
1.23836e-09	-0.828131
1.23948e-09	-0.82653
1.24059e-09	-0.824676
1.2417e-09	-0.822572
1.24282e-09	-0.820215
1.24393e-09	-0.817606
1.24504e-09	-0.814746
1.24616e-09	-0.811633
1.24727e-09	-0.808268
1.24838e-09	-0.804651
1.2495e-09	-0.800783
1.25061e-09	-0.796664
1.25172e-09	-0.792294
1.25283e-09	-0.787674
1.25395e-09	-0.782805
1.25506e-09	-0.777686
1.25617e-09	-0.77232
1.25729e-09	-0.766706
1.2584e-09	-0.760846
1.25951e-09	-0.754741
1.26063e-09	-0.748392
1.26174e-09	-0.7418
1.26285e-09	-0.734966
1.26397e-09	-0.727893
1.26508e-09	-0.720581
1.26619e-09	-0.713031
1.26731e-09	-0.705247
1.26842e-09	-0.697228
1.26953e-09	-0.688978
1.27064e-09	-0.680498
1.27176e-09	-0.67179
1.27287e-09	-0.662856
1.27398e-09	-0.653698
1.2751e-09	-0.644319
1.27621e-09	-0.63472
1.27732e-09	-0.624905
1.27844e-09	-0.614875
1.27955e-09	-0.604634
1.28066e-09	-0.594183
1.28178e-09	-0.583526
1.28289e-09	-0.572665
1.284e-09	-0.561604
1.28512e-09	-0.550344
1.28623e-09	-0.53889
1.28734e-09	-0.527244
1.28845e-09	-0.515409
1.28957e-09	-0.503389
1.29068e-09	-0.491187
1.29179e-09	-0.478806
1.29291e-09	-0.46625
1.29402e-09	-0.453522
1.29513e-09	-0.440627
1.29625e-09	-0.427566
1.29736e-09	-0.414345
1.29847e-09	-0.400967
1.29959e-09	-0.387435
1.3007e-09	-0.373754
1.30181e-09	-0.359928
1.30293e-09	-0.34596
1.30404e-09	-0.331856
1.30515e-09	-0.317618
1.30627e-09	-0.303251
1.30738e-09	-0.288759
1.30849e-09	-0.274147
1.3096e-09	-0.259418
1.31072e-09	-0.244578
1.31183e-09	-0.229631
1.31294e-09	-0.214581
1.31406e-09	-0.199432
1.31517e-09	-0.18419
1.31628e-09	-0.168859
1.3174e-09	-0.153443
1.31851e-09	-0.137947
1.31962e-09	-0.122377
1.32074e-09	-0.106736
1.32185e-09	-0.0910289
1.32296e-09	-0.0752616
1.32408e-09	-0.0594384
1.32519e-09	-0.0435642
1.3263e-09	-0.0276439
1.32741e-09	-0.0116825
1.32853e-09	0.00431516
1.32964e-09	0.020344
1.33075e-09	0.0363991
1.33187e-09	0.0524753
1.33298e-09	0.0685678
1.33409e-09	0.0846714
1.33521e-09	0.100781
1.33632e-09	0.116892
1.33743e-09	0.132998
1.33855e-09	0.149096
1.33966e-09	0.165179
1.34077e-09	0.181242
1.34189e-09	0.197282
1.343e-09	0.213292
1.34411e-09	0.229267
1.34522e-09	0.245202
1.34634e-09	0.261093
1.34745e-09	0.276933
1.34856e-09	0.292719
1.34968e-09	0.308444
1.35079e-09	0.324105
1.3519e-09	0.339695
1.35302e-09	0.35521
1.35413e-09	0.370645
1.35524e-09	0.385995
1.35636e-09	0.401255
1.35747e-09	0.416419
1.35858e-09	0.431484
1.3597e-09	0.446444
1.36081e-09	0.461294
1.36192e-09	0.47603
1.36304e-09	0.490646
1.36415e-09	0.505138
1.36526e-09	0.519502
1.36637e-09	0.533732
1.36749e-09	0.547824
1.3686e-09	0.561773
1.36971e-09	0.575574
1.37083e-09	0.589224
1.37194e-09	0.602718
1.37305e-09	0.616051
1.37417e-09	0.629218
1.37528e-09	0.642217
1.37639e-09	0.655041
1.37751e-09	0.667688
1.37862e-09	0.680152
1.37973e-09	0.692431
1.38085e-09	0.704519
1.38196e-09	0.716412
1.38307e-09	0.728108
1.38418e-09	0.739601
1.3853e-09	0.750889
1.38641e-09	0.761967
1.38752e-09	0.772832
1.38864e-09	0.78348
1.38975e-09	0.793907
1.39086e-09	0.804111
1.39198e-09	0.814087
1.39309e-09	0.823833
1.3942e-09	0.833345
1.39532e-09	0.84262
1.39643e-09	0.851655
1.39754e-09	0.860447
1.39866e-09	0.868993
1.39977e-09	0.87729
1.40088e-09	0.885335
1.40199e-09	0.893127
1.40311e-09	0.900661
1.40422e-09	0.907936
1.40533e-09	0.914949
1.40645e-09	0.921698
1.40756e-09	0.928181
1.40867e-09	0.934395
1.40979e-09	0.940338
1.4109e-09	0.946009
1.41201e-09	0.951405
1.41313e-09	0.956525
1.41424e-09	0.961367
1.41535e-09	0.965929
1.41647e-09	0.970209
1.41758e-09	0.974208
1.41869e-09	0.977922
1.41981e-09	0.981351
1.42092e-09	0.984494
1.42203e-09	0.987349
1.42314e-09	0.989916
1.42426e-09	0.992193
1.42537e-09	0.994181
1.42648e-09	0.995878
1.4276e-09	0.997284
1.42871e-09	0.998398
1.42982e-09	0.999219
1.43094e-09	0.999749
1.43205e-09	0.999986
1.43316e-09	0.99993
1.43428e-09	0.999582
1.43539e-09	0.998941
1.4365e-09	0.998008
1.43762e-09	0.996783
1.43873e-09	0.995267
1.43984e-09	0.99346
1.44095e-09	0.991362
1.44207e-09	0.988974
1.44318e-09	0.986297
1.44429e-09	0.983333
1.44541e-09	0.980081
1.44652e-09	0.976544
1.44763e-09	0.972721
1.44875e-09	0.968615
1.44986e-09	0.964227
1.45097e-09	0.959559
1.45209e-09	0.954611
1.4532e-09	0.949386
1.45431e-09	0.943885
1.45543e-09	0.938111
1.45654e-09	0.932064
1.45765e-09	0.925748
1.45876e-09	0.919164
1.45988e-09	0.912314
1.46099e-09	0.905201
1.4621e-09	0.897827
1.46322e-09	0.890195
1.46433e-09	0.882307
1.46544e-09	0.874165
1.46656e-09	0.865773
1.46767e-09	0.857133
1.46878e-09	0.848249
1.4699e-09	0.839122
1.47101e-09	0.829757
1.47212e-09	0.820155
1.47324e-09	0.810322
1.47435e-09	0.800258
1.47546e-09	0.789969
1.47657e-09	0.779458
1.47769e-09	0.768727
1.4788e-09	0.757781
1.47991e-09	0.746622
1.48103e-09	0.735256
1.48214e-09	0.723685
1.48325e-09	0.711914
1.48437e-09	0.699946
1.48548e-09	0.687785
1.48659e-09	0.675436
1.48771e-09	0.662901
1.48882e-09	0.650187
1.48993e-09	0.637296
1.49105e-09	0.624232
1.49216e-09	0.611001
1.49327e-09	0.597607
1.49439e-09	0.584053
1.4955e-09	0.570345
1.49661e-09	0.556487
1.49772e-09	0.542483
1.49884e-09	0.528338
1.49995e-09	0.514057
1.50106e-09	0.499644
1.50218e-09	0.485104
1.50329e-09	0.470442
1.5044e-09	0.455662
1.50552e-09	0.44077
1.50663e-09	0.425769
1.50774e-09	0.410666
1.50886e-09	0.395465
1.50997e-09	0.38017
1.51108e-09	0.364787
1.5122e-09	0.349321
1.51331e-09	0.333777
1.51442e-09	0.318159
1.51553e-09	0.302474
1.51665e-09	0.286725
1.51776e-09	0.270918
1.51887e-09	0.255057
1.51999e-09	0.239149
1.5211e-09	0.223198
1.52221e-09	0.207209
1.52333e-09	0.191188
1.52444e-09	0.175138
1.52555e-09	0.159067
1.52667e-09	0.142978
1.52778e-09	0.126876
1.52889e-09	0.110767
1.53001e-09	0.0946566
1.53112e-09	0.0785486
1.53223e-09	0.0624487
1.53334e-09	0.0463618
1.53446e-09	0.030293
1.53557e-09	0.0142473
1.53668e-09	-0.00177024
1.5378e-09	-0.0177547
1.53891e-09	-0.0337011
1.54002e-09	-0.0496044
1.54114e-09	-0.0654598
1.54225e-09	-0.0812624
1.54336e-09	-0.0970072
1.54448e-09	-0.112689
1.54559e-09	-0.128304
1.5467e-09	-0.143847
1.54782e-09	-0.159313
1.54893e-09	-0.174697
1.55004e-09	-0.189995
1.55116e-09	-0.205202
1.55227e-09	-0.220314
1.55338e-09	-0.235326
1.55449e-09	-0.250233
1.55561e-09	-0.265031
1.55672e-09	-0.279715
1.55783e-09	-0.294282
1.55895e-09	-0.308727
1.56006e-09	-0.323046
1.56117e-09	-0.337233
1.56229e-09	-0.351287
1.5634e-09	-0.365201
1.56451e-09	-0.378972
1.56563e-09	-0.392597
1.56674e-09	-0.406071
1.56785e-09	-0.41939
1.56897e-09	-0.43255
1.57008e-09	-0.445548
1.57119e-09	-0.458381
1.5723e-09	-0.471044
1.57342e-09	-0.483534
1.57453e-09	-0.495847
1.57564e-09	-0.50798
1.57676e-09	-0.51993
1.57787e-09	-0.531693
1.57898e-09	-0.543267
1.5801e-09	-0.554648
1.58121e-09	-0.565832
1.58232e-09	-0.576818
1.58344e-09	-0.587601
1.58455e-09	-0.59818
1.58566e-09	-0.608552
1.58678e-09	-0.618713
1.58789e-09	-0.628662
1.589e-09	-0.638395
1.59011e-09	-0.64791
1.59123e-09	-0.657206
1.59234e-09	-0.666279
1.59345e-09	-0.675127
1.59457e-09	-0.683749
1.59568e-09	-0.692142
1.59679e-09	-0.700304
1.59791e-09	-0.708234
1.59902e-09	-0.715929
1.60013e-09	-0.723388
1.60125e-09	-0.73061
1.60236e-09	-0.737592
1.60347e-09	-0.744334
1.60459e-09	-0.750834
1.6057e-09	-0.75709
1.60681e-09	-0.763102
1.60792e-09	-0.768869
1.60904e-09	-0.774389
1.61015e-09	-0.779661
1.61126e-09	-0.784685
1.61238e-09	-0.78946
1.61349e-09	-0.793985
1.6146e-09	-0.79826
1.61572e-09	-0.802283
1.61683e-09	-0.806056
1.61794e-09	-0.809577
1.61906e-09	-0.812846
1.62017e-09	-0.815863
1.62128e-09	-0.818628
1.6224e-09	-0.82114
1.62351e-09	-0.823401
1.62462e-09	-0.82541
1.62574e-09	-0.827168
1.62685e-09	-0.828674
1.62796e-09	-0.82993
1.62907e-09	-0.830936
1.63019e-09	-0.831692
1.6313e-09	-0.832199
1.63241e-09	-0.832457
1.63353e-09	-0.832469
1.63464e-09	-0.832234
1.63575e-09	-0.831754
1.63687e-09	-0.831029
1.63798e-09	-0.830062
1.63909e-09	-0.828852
1.64021e-09	-0.827402
1.64132e-09	-0.825713
1.64243e-09	-0.823786
1.64355e-09	-0.821623
1.64466e-09	-0.819226
1.64577e-09	-0.816596
1.64688e-09	-0.813734
1.648e-09	-0.810644
1.64911e-09	-0.807326
1.65022e-09	-0.803783
1.65134e-09	-0.800016
1.65245e-09	-0.796028
1.65356e-09	-0.791822
1.65468e-09	-0.787398
1.65579e-09	-0.78276
1.6569e-09	-0.77791
1.65802e-09	-0.772851
1.65913e-09	-0.767584
1.66024e-09	-0.762112
1.66136e-09	-0.756439
1.66247e-09	-0.750566
1.66358e-09	-0.744497
1.66469e-09	-0.738234
1.66581e-09	-0.73178
1.66692e-09	-0.725138
1.66803e-09	-0.718311
1.66915e-09	-0.711301
1.67026e-09	-0.704113
1.67137e-09	-0.696748
1.67249e-09	-0.689211
1.6736e-09	-0.681503
1.67471e-09	-0.67363
1.67583e-09	-0.665593
1.67694e-09	-0.657396
1.67805e-09	-0.649042
1.67917e-09	-0.640536
1.68028e-09	-0.631879
1.68139e-09	-0.623076
1.68251e-09	-0.614131
1.68362e-09	-0.605046
1.68473e-09	-0.595825
1.68584e-09	-0.586472
1.68696e-09	-0.57699
1.68807e-09	-0.567384
1.68918e-09	-0.557656
1.6903e-09	-0.54781
1.69141e-09	-0.537851
1.69252e-09	-0.527782
1.69364e-09	-0.517606
1.69475e-09	-0.507327
1.69586e-09	-0.49695
1.69698e-09	-0.486477
1.69809e-09	-0.475913
1.6992e-09	-0.465262
1.70032e-09	-0.454528
1.70143e-09	-0.443713
1.70254e-09	-0.432823
1.70365e-09	-0.42186
1.70477e-09	-0.41083
1.70588e-09	-0.399735
1.70699e-09	-0.38858
1.70811e-09	-0.377368
1.70922e-09	-0.366104
1.71033e-09	-0.354791
1.71145e-09	-0.343433
1.71256e-09	-0.332034
1.71367e-09	-0.320597
1.71479e-09	-0.309128
1.7159e-09	-0.297629
1.71701e-09	-0.286104
1.71813e-09	-0.274558
1.71924e-09	-0.262993
1.72035e-09	-0.251415
1.72146e-09	-0.239826
1.72258e-09	-0.22823
1.72369e-09	-0.216631
1.7248e-09	-0.205034
1.72592e-09	-0.193441
1.72703e-09	-0.181856
1.72814e-09	-0.170283
1.72926e-09	-0.158725
1.73037e-09	-0.147187
1.73148e-09	-0.135671
1.7326e-09	-0.124182
1.73371e-09	-0.112723
1.73482e-09	-0.101297
1.73594e-09	-0.0899079
1.73705e-09	-0.0785591
1.73816e-09	-0.067254
1.73928e-09	-0.0559961
1.74039e-09	-0.0447885
1.7415e-09	-0.0336347
1.74261e-09	-0.022538
1.74373e-09	-0.0115014
1.74484e-09	-0.000528364
1.74595e-09	0.0103781
1.74707e-09	0.0212149
1.74818e-09	0.0319789
1.74929e-09	0.042667
1.75041e-09	0.0532764
1.75152e-09	0.063804
1.75263e-09	0.074247
1.75375e-09	0.0846024
1.75486e-09	0.0948676
1.75597e-09	0.10504
1.75709e-09	0.115116
1.7582e-09	0.125094
1.75931e-09	0.134971
1.76042e-09	0.144744
1.76154e-09	0.154411
1.76265e-09	0.16397
1.76376e-09	0.173418
1.76488e-09	0.182752
1.76599e-09	0.19197
1.7671e-09	0.201071
1.76822e-09	0.210052
1.76933e-09	0.21891
1.77044e-09	0.227644
1.77156e-09	0.236252
1.77267e-09	0.244731
1.77378e-09	0.253081
1.7749e-09	0.261298
1.77601e-09	0.269381
1.77712e-09	0.277329
1.77823e-09	0.285139
1.77935e-09	0.29281
1.78046e-09	0.300341
1.78157e-09	0.307729
1.78269e-09	0.314974
1.7838e-09	0.322075
1.78491e-09	0.329028
1.78603e-09	0.335835
1.78714e-09	0.342492
1.78825e-09	0.349
1.78937e-09	0.355357
1.79048e-09	0.361561
1.79159e-09	0.367613
1.79271e-09	0.37351
1.79382e-09	0.379252
1.79493e-09	0.384839
1.79604e-09	0.39027
1.79716e-09	0.395543
1.79827e-09	0.400658
1.79938e-09	0.405616
1.8005e-09	0.410414
1.80161e-09	0.415053
1.80272e-09	0.419532
1.80384e-09	0.423851
1.80495e-09	0.42801
1.80606e-09	0.432008
1.80718e-09	0.435846
1.80829e-09	0.439523
1.8094e-09	0.443038
1.81052e-09	0.446393
1.81163e-09	0.449587
1.81274e-09	0.45262
1.81386e-09	0.455492
1.81497e-09	0.458204
1.81608e-09	0.460756
1.81719e-09	0.463148
1.81831e-09	0.465381
1.81942e-09	0.467454
1.82053e-09	0.469369
1.82165e-09	0.471126
1.82276e-09	0.472726
1.82387e-09	0.474169
1.82499e-09	0.475456
1.8261e-09	0.476587
1.82721e-09	0.477564
1.82833e-09	0.478387
1.82944e-09	0.479057
1.83055e-09	0.479575
1.83167e-09	0.479942
1.83278e-09	0.480159
1.83389e-09	0.480227
1.835e-09	0.480147
1.83612e-09	0.47992
1.83723e-09	0.479548
1.83834e-09	0.479032
1.83946e-09	0.478372
1.84057e-09	0.477571
1.84168e-09	0.47663
1.8428e-09	0.475549
1.84391e-09	0.474331
1.84502e-09	0.472977
1.84614e-09	0.471488
1.84725e-09	0.469866
1.84836e-09	0.468112
1.84948e-09	0.466229
1.85059e-09	0.464217
1.8517e-09	0.462079
1.85281e-09	0.459816
1.85393e-09	0.457429
1.85504e-09	0.454921
1.85615e-09	0.452293
1.85727e-09	0.449548
1.85838e-09	0.446686
1.85949e-09	0.443711
1.86061e-09	0.440623
1.86172e-09	0.437425
1.86283e-09	0.434118
1.86395e-09	0.430705
1.86506e-09	0.427187
1.86617e-09	0.423567
1.86729e-09	0.419846
1.8684e-09	0.416027
1.86951e-09	0.412112
1.87063e-09	0.408102
1.87174e-09	0.404001
1.87285e-09	0.399809
1.87396e-09	0.395529
1.87508e-09	0.391163
1.87619e-09	0.386714
1.8773e-09	0.382183
1.87842e-09	0.377573
1.87953e-09	0.372886
1.88064e-09	0.368124
1.88176e-09	0.363289
1.88287e-09	0.358383
1.88398e-09	0.353409
1.8851e-09	0.348369
1.88621e-09	0.343265
1.88732e-09	0.3381
1.88844e-09	0.332875
1.88955e-09	0.327593
1.89066e-09	0.322255
1.89177e-09	0.316865
1.89289e-09	0.311425
1.894e-09	0.305936
1.89511e-09	0.300401
1.89623e-09	0.294823
1.89734e-09	0.289202
1.89845e-09	0.283543
1.89957e-09	0.277846
1.90068e-09	0.272114
1.90179e-09	0.26635
1.90291e-09	0.260555
1.90402e-09	0.254732
1.90513e-09	0.248882
1.90625e-09	0.243008
1.90736e-09	0.237113
1.90847e-09	0.231198
1.90958e-09	0.225265
1.9107e-09	0.219317
1.91181e-09	0.213356
1.91292e-09	0.207383
1.91404e-09	0.201401
1.91515e-09	0.195412
1.91626e-09	0.189418
1.91738e-09	0.183421
1.91849e-09	0.177423
1.9196e-09	0.171426
1.92072e-09	0.165432
1.92183e-09	0.159444
1.92294e-09	0.153462
1.92406e-09	0.147488
1.92517e-09	0.141526
1.92628e-09	0.135576
1.9274e-09	0.129641
1.92851e-09	0.123722
1.92962e-09	0.117821
1.93073e-09	0.11194
1.93185e-09	0.106081
1.93296e-09	0.100245
1.93407e-09	0.094435
1.93519e-09	0.0886514
1.9363e-09	0.0828964
1.93741e-09	0.0771717
1.93853e-09	0.0714788
1.93964e-09	0.0658193
1.94075e-09	0.0601949
1.94187e-09	0.054607
1.94298e-09	0.0490573
1.94409e-09	0.043547
1.94521e-09	0.0380779
1.94632e-09	0.0326512
1.94743e-09	0.0272683
1.94854e-09	0.0219307
1.94966e-09	0.0166397
1.95077e-09	0.0113967
1.95188e-09	0.00620279
1.953e-09	0.00105939
1.95411e-09	-0.00403232
1.95522e-09	-0.00907112
1.95634e-09	-0.0140559
1.95745e-09	-0.0189854
1.95856e-09	-0.0238586
1.95968e-09	-0.0286744
1.96079e-09	-0.0334318
1.9619e-09	-0.0381297
1.96302e-09	-0.0427672
1.96413e-09	-0.0473432
1.96524e-09	-0.051857
1.96635e-09	-0.0563075
1.96747e-09	-0.0606939
1.96858e-09	-0.0650154
1.96969e-09	-0.0692712
1.97081e-09	-0.0734605
1.97192e-09	-0.0775825
1.97303e-09	-0.0816367
1.97415e-09	-0.0856222
1.97526e-09	-0.0895384
1.97637e-09	-0.0933848
1.97749e-09	-0.0971608
1.9786e-09	-0.100866
1.97971e-09	-0.104499
1.98083e-09	-0.108061
1.98194e-09	-0.111549
1.98305e-09	-0.114965
1.98416e-09	-0.118308
1.98528e-09	-0.121577
1.98639e-09	-0.124772
1.9875e-09	-0.127893
1.98862e-09	-0.130939
1.98973e-09	-0.13391
1.99084e-09	-0.136806
1.99196e-09	-0.139627
1.99307e-09	-0.142372
1.99418e-09	-0.145042
1.9953e-09	-0.147636
1.99641e-09	-0.150155
1.99752e-09	-0.152597
1.99864e-09	-0.154964
1.99975e-09	-0.157255
2.00086e-09	-0.15947
2.00198e-09	-0.161609
2.00309e-09	-0.163673
2.0042e-09	-0.165661
2.00531e-09	-0.167574
2.00643e-09	-0.169411
2.00754e-09	-0.171173
2.00865e-09	-0.172861
2.00977e-09	-0.174474
2.01088e-09	-0.176012
2.01199e-09	-0.177476
2.01311e-09	-0.178867
2.01422e-09	-0.180184
2.01533e-09	-0.181428
2.01645e-09	-0.1826
2.01756e-09	-0.183699
2.01867e-09	-0.184726
2.01979e-09	-0.185681
2.0209e-09	-0.186566
2.02201e-09	-0.18738
2.02312e-09	-0.188124
2.02424e-09	-0.188799
2.02535e-09	-0.189405
2.02646e-09	-0.189942
2.02758e-09	-0.190411
2.02869e-09	-0.190814
2.0298e-09	-0.191149
2.03092e-09	-0.191419
2.03203e-09	-0.191623
2.03314e-09	-0.191763
2.03426e-09	-0.191839
2.03537e-09	-0.191851
2.03648e-09	-0.191801
2.0376e-09	-0.191689
2.03871e-09	-0.191516
2.03982e-09	-0.191283
2.04093e-09	-0.19099
2.04205e-09	-0.190638
2.04316e-09	-0.190228
2.04427e-09	-0.189761
2.04539e-09	-0.189238
2.0465e-09	-0.188659
2.04761e-09	-0.188025
2.04873e-09	-0.187338
2.04984e-09	-0.186597
2.05095e-09	-0.185804
2.05207e-09	-0.18496
2.05318e-09	-0.184066
2.05429e-09	-0.183122
2.05541e-09	-0.18213
2.05652e-09	-0.18109
2.05763e-09	-0.180003
2.05875e-09	-0.17887
2.05986e-09	-0.177693
2.06097e-09	-0.176471
2.06208e-09	-0.175207
2.0632e-09	-0.1739
2.06431e-09	-0.172552
2.06542e-09	-0.171164
2.06654e-09	-0.169737
2.06765e-09	-0.168272
2.06876e-09	-0.166769
2.06988e-09	-0.16523
2.07099e-09	-0.163656
2.0721e-09	-0.162047
2.07322e-09	-0.160405
2.07433e-09	-0.15873
2.07544e-09	-0.157024
2.07656e-09	-0.155287
2.07767e-09	-0.153521
2.07878e-09	-0.151726
2.07989e-09	-0.149903
2.08101e-09	-0.148054
2.08212e-09	-0.146179
2.08323e-09	-0.14428
2.08435e-09	-0.142357
2.08546e-09	-0.140411
2.08657e-09	-0.138443
2.08769e-09	-0.136454
2.0888e-09	-0.134445
2.08991e-09	-0.132418
2.09103e-09	-0.130372
2.09214e-09	-0.128309
2.09325e-09	-0.12623
2.09437e-09	-0.124136
2.09548e-09	-0.122027
2.09659e-09	-0.119905
2.0977e-09	-0.11777
2.09882e-09	-0.115624
2.09993e-09	-0.113467
2.10104e-09	-0.1113
2.10216e-09	-0.109125
2.10327e-09	-0.106941
2.10438e-09	-0.10475
2.1055e-09	-0.102552
2.10661e-09	-0.100349
2.10772e-09	-0.0981418
2.10884e-09	-0.0959304
2.10995e-09	-0.0937159
2.11106e-09	-0.0914992
2.11218e-09	-0.0892811
2.11329e-09	-0.0870625
2.1144e-09	-0.084844
2.11552e-09	-0.0826264
2.11663e-09	-0.0804106
2.11774e-09	-0.0781972
2.11885e-09	-0.0759871
2.11997e-09	-0.0737809
2.12108e-09	-0.0715794
2.12219e-09	-0.0693833
2.12331e-09	-0.0671933
2.12442e-09	-0.0650101
2.12553e-09	-0.0628343
2.12665e-09	-0.0606667
2.12776e-09	-0.0585079
2.12887e-09	-0.0563585
2.12999e-09	-0.0542191
2.1311e-09	-0.0520905
2.13221e-09	-0.0499732
2.13333e-09	-0.0478677
2.13444e-09	-0.0457748
2.13555e-09	-0.0436949
2.13666e-09	-0.0416287
2.13778e-09	-0.0395766
2.13889e-09	-0.0375392
2.14e-09	-0.0355171
2.14112e-09	-0.0335107
2.14223e-09	-0.0315205
2.14334e-09	-0.0295471
2.14446e-09	-0.0275909
2.14557e-09	-0.0256524
2.14668e-09	-0.023732
2.1478e-09	-0.0218302
2.14891e-09	-0.0199474
2.15002e-09	-0.0180839
2.15114e-09	-0.0162403
2.15225e-09	-0.0144168
2.15336e-09	-0.0126139
2.15447e-09	-0.0108319
2.15559e-09	-0.00907125
2.1567e-09	-0.00733216
2.15781e-09	-0.005615
2.15893e-09	-0.00392009
2.16004e-09	-0.00224772
2.16115e-09	-0.000598189
2.16227e-09	0.00102823
2.16338e-09	0.00263129
2.16449e-09	0.00421072
2.16561e-09	0.00576629
2.16672e-09	0.00729777
2.16783e-09	0.00880496
2.16895e-09	0.0102876
2.17006e-09	0.0117456
2.17117e-09	0.0131787
2.17228e-09	0.0145868
2.1734e-09	0.0159697
2.17451e-09	0.0173272
2.17562e-09	0.0186593
2.17674e-09	0.0199658
2.17785e-09	0.0212465
2.17896e-09	0.0225015
2.18008e-09	0.0237306
2.18119e-09	0.0249337
2.1823e-09	0.0261108
2.18342e-09	0.0272618
2.18453e-09	0.0283866
2.18564e-09	0.0294853
2.18676e-09	0.0305578
2.18787e-09	0.0316041
2.18898e-09	0.0326242
2.1901e-09	0.033618
2.19121e-09	0.0345857
2.19232e-09	0.0355272
2.19343e-09	0.0364426
2.19455e-09	0.0373319
2.19566e-09	0.0381951
2.19677e-09	0.0390324
2.19789e-09	0.0398438
2.199e-09	0.0406293
2.20011e-09	0.0413891
2.20123e-09	0.0421233
2.20234e-09	0.0428319
2.20345e-09	0.0435152
2.20457e-09	0.0441731
2.20568e-09	0.0448059
2.20679e-09	0.0454136
2.20791e-09	0.0459964
2.20902e-09	0.0465545
2.21013e-09	0.047088
2.21124e-09	0.0475971
2.21236e-09	0.048082
2.21347e-09	0.0485428
2.21458e-09	0.0489797
2.2157e-09	0.049393
2.21681e-09	0.0497827
2.21792e-09	0.0501492
2.21904e-09	0.0504926
2.22015e-09	0.0508132
2.22126e-09	0.0511111
2.22238e-09	0.0513866
2.22349e-09	0.0516399
2.2246e-09	0.0518713
2.22572e-09	0.052081
2.22683e-09	0.0522693
2.22794e-09	0.0524364
2.22905e-09	0.0525825
2.23017e-09	0.0527079
2.23128e-09	0.0528129
2.23239e-09	0.0528978
2.23351e-09	0.0529628
2.23462e-09	0.0530082
2.23573e-09	0.0530342
2.23685e-09	0.0530413
2.23796e-09	0.0530295
2.23907e-09	0.0529993
2.24019e-09	0.052951
2.2413e-09	0.0528847
2.24241e-09	0.0528008
2.24353e-09	0.0526997
2.24464e-09	0.0525816
2.24575e-09	0.0524467
2.24687e-09	0.0522955
2.24798e-09	0.0521282
2.24909e-09	0.0519452
2.2502e-09	0.0517467
2.25132e-09	0.051533
2.25243e-09	0.0513045
2.25354e-09	0.0510615
2.25466e-09	0.0508042
2.25577e-09	0.0505331
2.25688e-09	0.0502484
2.258e-09	0.0499504
2.25911e-09	0.0496394
2.26022e-09	0.0493158
2.26134e-09	0.0489799
2.26245e-09	0.048632
2.26356e-09	0.0482724
2.26468e-09	0.0479014
2.26579e-09	0.0475194
2.2669e-09	0.0471266
2.26801e-09	0.0467234
2.26913e-09	0.04631
2.27024e-09	0.0458869
2.27135e-09	0.0454543
2.27247e-09	0.0450124
2.27358e-09	0.0445617
2.27469e-09	0.0441024
2.27581e-09	0.0436349
2.27692e-09	0.0431594
2.27803e-09	0.0426762
2.27915e-09	0.0421857
2.28026e-09	0.0416881
2.28137e-09	0.0411838
2.28249e-09	0.040673
2.2836e-09	0.040156
2.28471e-09	0.0396331
2.28582e-09	0.0391047
2.28694e-09	0.0385709
2.28805e-09	0.0380321
2.28916e-09	0.0374886
2.29028e-09	0.0369406
2.29139e-09	0.0363885
2.2925e-09	0.0358324
2.29362e-09	0.0352727
2.29473e-09	0.0347096
2.29584e-09	0.0341434
2.29696e-09	0.0335743
2.29807e-09	0.0330027
2.29918e-09	0.0324287
2.3003e-09	0.0318527
2.30141e-09	0.0312748
2.30252e-09	0.0306953
2.30364e-09	0.0301145
2.30475e-09	0.0295326
2.30586e-09	0.0289499
2.30697e-09	0.0283665
2.30809e-09	0.0277827
2.3092e-09	0.0271987
2.31031e-09	0.0266148
2.31143e-09	0.0260312
2.31254e-09	0.025448
2.31365e-09	0.0248655
2.31477e-09	0.0242839
2.31588e-09	0.0237035
2.31699e-09	0.0231243
2.31811e-09	0.0225466
2.31922e-09	0.0219706
2.32033e-09	0.0213966
2.32145e-09	0.0208245
2.32256e-09	0.0202548
2.32367e-09	0.0196874
2.32478e-09	0.0191227
2.3259e-09	0.0185607
2.32701e-09	0.0180016
2.32812e-09	0.0174457
2.32924e-09	0.016893
2.33035e-09	0.0163438
2.33146e-09	0.0157981
2.33258e-09	0.0152561
2.33369e-09	0.0147179
2.3348e-09	0.0141838
2.33592e-09	0.0136537
2.33703e-09	0.013128
2.33814e-09	0.0126066
2.33926e-09	0.0120897
2.34037e-09	0.0115774
2.34148e-09	0.0110699
2.34259e-09	0.0105673
2.34371e-09	0.0100696
2.34482e-09	0.00957699
2.34593e-09	0.00908954
2.34705e-09	0.00860736
2.34816e-09	0.00813054
2.34927e-09	0.00765917
2.35039e-09	0.00719334
2.3515e-09	0.00673312
2.35261e-09	0.00627861
2.35373e-09	0.00582986
2.35484e-09	0.00538696
2.35595e-09	0.00494997
2.35707e-09	0.00451896
2.35818e-09	0.00409399
2.35929e-09	0.00367512
2.3604e-09	0.00326239
2.36152e-09	0.00285587
2.36263e-09	0.00245559
2.36374e-09	0.00206161
2.36486e-09	0.00167397
2.36597e-09	0.0012927
2.36708e-09	0.000917831
2.3682e-09	0.000549406
2.36931e-09	0.000187449
2.37042e-09	-0.000168015
2.37154e-09	-0.000516963
2.37265e-09	-0.000859377
2.37376e-09	-0.00119524
2.37488e-09	-0.00152453
2.37599e-09	-0.00184725
2.3771e-09	-0.00216339
2.37822e-09	-0.00247294
2.37933e-09	-0.00277589
2.38044e-09	-0.00307226
2.38155e-09	-0.00336203
2.38267e-09	-0.00364522
2.38378e-09	-0.00392184
2.38489e-09	-0.00419189
2.38601e-09	-0.00445539
2.38712e-09	-0.00471235
2.38823e-09	-0.00496279
2.38935e-09	-0.00520674
2.39046e-09	-0.0054442
2.39157e-09	-0.00567522
2.39269e-09	-0.00589981
2.3938e-09	-0.006118
2.39491e-09	-0.00632982
2.39603e-09	-0.00653531
2.39714e-09	-0.00673451
2.39825e-09	-0.00692744
2.39936e-09	-0.00711414
2.40048e-09	-0.00729466
2.40159e-09	-0.00746904
2.4027e-09	-0.00763733
2.40382e-09	-0.00779956
2.40493e-09	-0.00795578
2.40604e-09	-0.00810605
2.40716e-09	-0.00825041
2.40827e-09	-0.00838892
2.40938e-09	-0.00852163
2.4105e-09	-0.00864859
2.41161e-09	-0.00876986
2.41272e-09	-0.0088855
2.41384e-09	-0.00899556
2.41495e-09	-0.00910011
2.41606e-09	-0.0091992
2.41717e-09	-0.0092929
2.41829e-09	-0.00938127
2.4194e-09	-0.00946438
2.42051e-09	-0.00954228
2.42163e-09	-0.00961505
2.42274e-09	-0.00968275
2.42385e-09	-0.00974546
2.42497e-09	-0.00980323
2.42608e-09	-0.00985613
2.42719e-09	-0.00990425
2.42831e-09	-0.00994765
2.42942e-09	-0.00998639
2.43053e-09	-0.0100206
2.43165e-09	-0.0100502
2.43276e-09	-0.0100754
2.43387e-09	-0.0100963
2.43499e-09	-0.0101129
2.4361e-09	-0.0101253
2.43721e-09	-0.0101335
2.43832e-09	-0.0101377
2.43944e-09	-0.0101378
2.44055e-09	-0.0101341
2.44166e-09	-0.0101265
2.44278e-09	-0.0101152
2.44389e-09	-0.0101002
2.445e-09	-0.0100816
2.44612e-09	-0.0100594
2.44723e-09	-0.0100338
2.44834e-09	-0.0100048
2.44946e-09	-0.00997252
2.45057e-09	-0.009937
2.45168e-09	-0.00989832
2.4528e-09	-0.00985657
2.45391e-09	-0.00981182
2.45502e-09	-0.00976414
2.45613e-09	-0.00971362
2.45725e-09	-0.00966031
2.45836e-09	-0.00960431
2.45947e-09	-0.00954568
2.46059e-09	-0.0094845
2.4617e-09	-0.00942084
2.46281e-09	-0.00935478
2.46393e-09	-0.00928638
2.46504e-09	-0.00921573
2.46615e-09	-0.00914289
2.46727e-09	-0.00906793
2.46838e-09	-0.00899093
2.46949e-09	-0.00891196
2.47061e-09	-0.00883108
2.47172e-09	-0.00874837
2.47283e-09	-0.0086639
2.47394e-09	-0.00857773
2.47506e-09	-0.00848994
2.47617e-09	-0.00840058
2.47728e-09	-0.00830973
2.4784e-09	-0.00821745
2.47951e-09	-0.00812381
2.48062e-09	-0.00802887
2.48174e-09	-0.00793269
2.48285e-09	-0.00783535
2.48396e-09	-0.00773689
2.48508e-09	-0.00763739
2.48619e-09	-0.0075369
2.4873e-09	-0.00743549
2.48842e-09	-0.00733321
2.48953e-09	-0.00723012
2.49064e-09	-0.00712628
2.49175e-09	-0.00702175
2.49287e-09	-0.00691659
2.49398e-09	-0.00681084
2.49509e-09	-0.00670456
2.49621e-09	-0.00659781
2.49732e-09	-0.00649065
2.49843e-09	-0.00638311
2.49955e-09	-0.00627525
2.50066e-09	-0.00616713
2.50177e-09	-0.00605879
2.50289e-09	-0.00595028
2.504e-09	-0.00584165
2.50511e-09	-0.00573295
2.50623e-09	-0.00562422
2.50734e-09	-0.0055155
2.50845e-09	-0.00540684
2.50957e-09	-0.00529829
2.51068e-09	-0.00518988
2.51179e-09	-0.00508166
2.5129e-09	-0.00497367
2.51402e-09	-0.00486594
2.51513e-09	-0.00475852
2.51624e-09	-0.00465144
2.51736e-09	-0.00454474
2.51847e-09	-0.00443846
2.51958e-09	-0.00433264
2.5207e-09	-0.00422729
2.52181e-09	-0.00412247
2.52292e-09	-0.0040182
2.52404e-09	-0.00391451
2.52515e-09	-0.00381143
2.52626e-09	-0.003709
2.52738e-09	-0.00360724
2.52849e-09	-0.00350618
2.5296e-09	-0.00340585
2.53071e-09	-0.00330628
2.53183e-09	-0.00320748
2.53294e-09	-0.00310949
2.53405e-09	-0.00301233
2.53517e-09	-0.00291602
2.53628e-09	-0.00282058
2.53739e-09	-0.00272603
2.53851e-09	-0.00263241
2.53962e-09	-0.00253971
2.54073e-09	-0.00244797
2.54185e-09	-0.00235721
2.54296e-09	-0.00226743
2.54407e-09	-0.00217866
2.54519e-09	-0.00209091
2.5463e-09	-0.0020042
2.54741e-09	-0.00191854
2.54852e-09	-0.00183394
2.54964e-09	-0.00175042
2.55075e-09	-0.001668
2.55186e-09	-0.00158667
2.55298e-09	-0.00150646
2.55409e-09	-0.00142736
2.5552e-09	-0.0013494
2.55632e-09	-0.00127258
2.55743e-09	-0.00119691
2.55854e-09	-0.00112239
2.55966e-09	-0.00104904
2.56077e-09	-0.000976848
2.56188e-09	-0.000905834
2.563e-09	-0.000835999
2.56411e-09	-0.000767345
2.56522e-09	-0.000699878
2.56634e-09	-0.0006336
2.56745e-09	-0.000568513
2.56856e-09	-0.00050462
2.56967e-09	-0.000441921
2.57079e-09	-0.000380418
2.5719e-09	-0.000320111
2.57301e-09	-0.000260999
2.57413e-09	-0.000203082
2.57524e-09	-0.000146359
2.57635e-09	-9.08272e-05
2.57747e-09	-3.64849e-05
2.57858e-09	1.66706e-05
2.57969e-09	6.86425e-05
2.58081e-09	0.000119434
2.58192e-09	0.00016905
2.58303e-09	0.000217495
2.58415e-09	0.000264772
2.58526e-09	0.000310889
2.58637e-09	0.000355849
2.58748e-09	0.00039966
2.5886e-09	0.000442328
2.58971e-09	0.000483859
2.59082e-09	0.000524261
2.59194e-09	0.000563541
2.59305e-09	0.000601707
2.59416e-09	0.000638768
2.59528e-09	0.00067473
2.59639e-09	0.000709604
2.5975e-09	0.000743398
2.59862e-09	0.000776121
2.59973e-09	0.000807783
2.60084e-09	0.000838394
2.60196e-09	0.000867964
2.60307e-09	0.000896504
2.60418e-09	0.000924022
2.60529e-09	0.000950532
2.60641e-09	0.000976042
2.60752e-09	0.00100057
2.60863e-09	0.00102411
2.60975e-09	0.00104669
2.61086e-09	0.00106832
2.61197e-09	0.00108901
2.61309e-09	0.00110877
2.6142e-09	0.00112761
2.61531e-09	0.00114555
2.61643e-09	0.0011626
2.61754e-09	0.00117876
2.61865e-09	0.00119406
2.61977e-09	0.00120851
2.62088e-09	0.00122211
2.62199e-09	0.00123489
2.62311e-09	0.00124685
2.62422e-09	0.001258
2.62533e-09	0.00126837
2.62644e-09	0.00127797
2.62756e-09	0.0012868
2.62867e-09	0.00129488
2.62978e-09	0.00130222
2.6309e-09	0.00130885
2.63201e-09	0.00131476
2.63312e-09	0.00131998
2.63424e-09	0.00132452
2.63535e-09	0.00132838
2.63646e-09	0.0013316
2.63758e-09	0.00133417
2.63869e-09	0.00133611
2.6398e-09	0.00133744
2.64092e-09	0.00133816
2.64203e-09	0.0013383
2.64314e-09	0.00133787
2.64425e-09	0.00133687
2.64537e-09	0.00133532
2.64648e-09	0.00133324
2.64759e-09	0.00133064
2.64871e-09	0.00132752
2.64982e-09	0.00132392
2.65093e-09	0.00131982
2.65205e-09	0.00131526
2.65316e-09	0.00131024
2.65427e-09	0.00130478
2.65539e-09	0.00129889
2.6565e-09	0.00129257
2.65761e-09	0.00128585
2.65873e-09	0.00127873
2.65984e-09	0.00127123
2.66095e-09	0.00126336
2.66206e-09	0.00125514
2.66318e-09	0.00124656
2.66429e-09	0.00123765
2.6654e-09	0.00122842
2.66652e-09	0.00121888
2.66763e-09	0.00120903
2.66874e-09	0.0011989
2.66986e-09	0.00118849
2.67097e-09	0.00117782
2.67208e-09	0.00116688
2.6732e-09	0.00115571
2.67431e-09	0.0011443
2.67542e-09	0.00113266
2.67654e-09	0.00112081
2.67765e-09	0.00110876
2.67876e-09	0.00109652
2.67987e-09	0.00108409
2.68099e-09	0.00107149
2.6821e-09	0.00105873
2.68321e-09	0.00104581
2.68433e-09	0.00103275
2.68544e-09	0.00101955
2.68655e-09	0.00100623
2.68767e-09	0.000992785
2.68878e-09	0.000979234
2.68989e-09	0.000965583
2.69101e-09	0.000951841
2.69212e-09	0.000938015
2.69323e-09	0.000924113
2.69435e-09	0.000910144
2.69546e-09	0.000896116
2.69657e-09	0.000882036
2.69769e-09	0.000867912
2.6988e-09	0.00085375
2.69991e-09	0.000839559
2.70102e-09	0.000825345
2.70214e-09	0.000811116
2.70325e-09	0.000796877
2.70436e-09	0.000782636
2.70548e-09	0.000768399
2.70659e-09	0.000754172
2.7077e-09	0.000739961
2.70882e-09	0.000725773
2.70993e-09	0.000711613
2.71104e-09	0.000697487
2.71216e-09	0.000683401
2.71327e-09	0.000669359
2.71438e-09	0.000655367
2.7155e-09	0.000641431
2.71661e-09	0.000627554
2.71772e-09	0.000613743
2.71883e-09	0.000600001
2.71995e-09	0.000586333
2.72106e-09	0.000572743
2.72217e-09	0.000559237
2.72329e-09	0.000545817
2.7244e-09	0.000532488
2.72551e-09	0.000519253
2.72663e-09	0.000506117
2.72774e-09	0.000493082
2.72885e-09	0.000480153
2.72997e-09	0.000467332
2.73108e-09	0.000454623
2.73219e-09	0.000442029
2.73331e-09	0.000429552
2.73442e-09	0.000417196
2.73553e-09	0.000404963
2.73664e-09	0.000392855
2.73776e-09	0.000380876
2.73887e-09	0.000369027
2.73998e-09	0.000357311
2.7411e-09	0.000345729
2.74221e-09	0.000334284
2.74332e-09	0.000322978
2.74444e-09	0.000311812
2.74555e-09	0.000300787
2.74666e-09	0.000289906
2.74778e-09	0.00027917
2.74889e-09	0.00026858
2.75e-09	0.000258138
2.75112e-09	0.000247844
2.75223e-09	0.000237699
2.75334e-09	0.000227706
2.75446e-09	0.000217863
2.75557e-09	0.000208173
2.75668e-09	0.000198635
2.75779e-09	0.000189251
2.75891e-09	0.00018002
2.76002e-09	0.000170944
2.76113e-09	0.000162023
2.76225e-09	0.000153256
2.76336e-09	0.000144644
2.76447e-09	0.000136187
2.76559e-09	0.000127886
2.7667e-09	0.000119739
2.76781e-09	0.000111747
2.76893e-09	0.00010391
2.77004e-09	9.62279e-05
2.77115e-09	8.86995e-05
2.77227e-09	8.13248e-05
2.77338e-09	7.41034e-05
2.77449e-09	6.70347e-05
2.7756e-09	6.01181e-05
2.77672e-09	5.33531e-05
2.77783e-09	4.67389e-05
2.77894e-09	4.02748e-05
2.78006e-09	3.39599e-05
2.78117e-09	2.77935e-05
2.78228e-09	2.17747e-05
2.7834e-09	1.59024e-05
2.78451e-09	1.01757e-05
2.78562e-09	4.59361e-06
2.78674e-09	-8.45017e-07
2.78785e-09	-6.14128e-06
2.78896e-09	-1.12963e-05
2.79008e-09	-1.63114e-05
2.79119e-09	-2.11877e-05
2.7923e-09	-2.59264e-05
2.79341e-09	-3.0529e-05
2.79453e-09	-3.49967e-05
2.79564e-09	-3.93309e-05
2.79675e-09	-4.35329e-05
2.79787e-09	-4.76043e-05
2.79898e-09	-5.15465e-05
2.80009e-09	-5.53608e-05
2.80121e-09	-5.90489e-05
2.80232e-09	-6.26123e-05
2.80343e-09	-6.60524e-05
2.80455e-09	-6.93709e-05
2.80566e-09	-7.25693e-05
2.80677e-09	-7.56492e-05
2.80789e-09	-7.86123e-05
2.809e-09	-8.14601e-05
2.81011e-09	-8.41943e-05
2.81123e-09	-8.68166e-05
2.81234e-09	-8.93287e-05
2.81345e-09	-9.17321e-05
2.81456e-09	-9.40286e-05
2.81568e-09	-9.622e-05
2.81679e-09	-9.83078e-05
2.8179e-09	-0.000100294
2.81902e-09	-0.00010218
2.82013e-09	-0.000103967
2.82124e-09	-0.000105658
2.82236e-09	-0.000107254
2.82347e-09	-0.000108757
2.82458e-09	-0.000110168
2.8257e-09	-0.00011149
2.82681e-09	-0.000112723
2.82792e-09	-0.00011387
2.82904e-09	-0.000114933
2.83015e-09	-0.000115913
2.83126e-09	-0.000116811
2.83237e-09	-0.000117631
2.83349e-09	-0.000118372
2.8346e-09	-0.000119038
2.83571e-09	-0.000119629
2.83683e-09	-0.000120147
2.83794e-09	-0.000120594
2.83905e-09	-0.000120972
2.84017e-09	-0.000121283
2.84128e-09	-0.000121527
2.84239e-09	-0.000121707
2.84351e-09	-0.000121824
2.84462e-09	-0.00012188
2.84573e-09	-0.000121877
2.84685e-09	-0.000121815
2.84796e-09	-0.000121697
2.84907e-09	-0.000121525
2.85018e-09	-0.000121298
2.8513e-09	-0.000121021
2.85241e-09	-0.000120693
2.85352e-09	-0.000120316
2.85464e-09	-0.000119892
2.85575e-09	-0.000119422
2.85686e-09	-0.000118908
2.85798e-09	-0.00011835
2.85909e-09	-0.000117752
2.8602e-09	-0.000117113
2.86132e-09	-0.000116436
2.86243e-09	-0.000115721
2.86354e-09	-0.000114971
2.86466e-09	-0.000114185
