% time-domain voltage integration by openEMS v0.37.0-rc1-11-gd3d2a49 @Wed Sep  2 22:38:40 2026
% start-coordinates: (0,0.0097,0) m -> [21,26,14]
% stop-coordinates: (0,0.0097,0.0016) m -> [21,26,18]
% t/s	voltage
0	-0
3.67334888589e-11	-4.71591548035e-07
7.34669777178e-11	2.00884528567e-07
1.10200466577e-10	1.039412723e-06
1.46933955436e-10	2.45592894998e-06
1.83667444295e-10	3.52742597443e-06
2.20400933154e-10	3.43025681104e-06
2.57134422012e-10	8.51743536145e-07
2.93867910871e-10	-5.07469587774e-06
3.3060139973e-10	-1.39967669384e-05
3.67334888589e-10	-2.33736036535e-05
4.04068377448e-10	-2.75628917734e-05
4.40801866307e-10	-1.91056947187e-05
4.77535355166e-10	8.09576476968e-06
5.14268844025e-10	5.37350724699e-05
5.51002332884e-10	0.000106637176941
5.87735821743e-10	0.000142937820783
6.24469310602e-10	0.000131556193082
6.61202799461e-10	4.59203101855e-05
6.9793628832e-10	-0.000117618790682
7.34669777178e-10	-0.000324099913996
7.71403266037e-10	-0.000496629625559
8.08136754896e-10	-0.000534451275598
8.44870243755e-10	-0.000352417002432
8.81603732614e-10	6.9023881224e-05
9.18337221473e-10	0.000645049352897
9.55070710332e-10	0.00118481030222
9.91804199191e-10	0.00144098018063
1.02853768805e-09	0.00120590787265
1.06527117691e-09	0.000419454867369
1.10200466577e-09	-0.000759146554628
1.13873815463e-09	-0.00196071248502
1.17547164349e-09	-0.002714747563
1.21220513234e-09	-0.00262841238873
1.2489386212e-09	-0.00156866107136
1.28567211006e-09	0.000234686391195
1.32240559892e-09	0.00222431856673
1.35913908778e-09	0.00369327305816
1.39587257664e-09	0.00404841639102
1.4326060655e-09	0.00305410998408
1.46933955436e-09	0.000954059898504
1.50607304322e-09	-0.00158731429838
1.54280653207e-09	-0.00371105637169
1.57954002093e-09	-0.00467354478315
1.61627350979e-09	-0.00412145722657
1.65300699865e-09	-0.00222611107165
1.68974048751e-09	0.000374016119167
1.72647397637e-09	0.00280033017043
1.76320746523e-09	0.00424553069752
1.79994095409e-09	0.00425475253724
1.83667444295e-09	0.00287762557855
1.87340793181e-09	0.00063748548564
1.91014142066e-09	-0.0016653452185
1.94687490952e-09	-0.00324382568942
1.98360839838e-09	-0.00360204896424
2.02034188724e-09	-0.00270019232994
2.0570753761e-09	-0.000948704429902
2.09380886496e-09	0.000962358055403
2.13054235382e-09	0.00233157904586
2.16727584268e-09	0.00270750455093
2.20400933154e-09	0.00204322108766
2.24074282039e-09	0.000688094107318
2.27747630925e-09	-0.000774010099121
2.31420979811e-09	-0.00176857129554
2.35094328697e-09	-0.00195480085677
2.38767677583e-09	-0.00134206394432
2.42441026469e-09	-0.000256981627899
2.46114375355e-09	0.000814569677459
2.49787724241e-09	0.00143821720849
2.53461073127e-09	0.00140318766353
2.57134422012e-09	0.000788852266851
2.60807770898e-09	-9.39987894526e-05
2.64481119784e-09	-0.000852493350976
2.6815446867e-09	-0.0011818765779
2.71827817556e-09	-0.000984411250101
2.75501166442e-09	-0.000391457993828
2.79174515328e-09	0.000312116120767
2.82847864214e-09	0.000820839224616
2.865212131e-09	0.000938578596106
2.90194561985e-09	0.0006513906701
2.93867910871e-09	0.000115435188491
2.97541259757e-09	-0.000420773205406
3.01214608643e-09	-0.000732334054192
3.04887957529e-09	-0.000708128762199
3.08561306415e-09	-0.000388491251215
3.12234655301e-09	6.57945438434e-05
3.15908004187e-09	0.00045178586879
3.19581353073e-09	0.000613474447164
3.23254701959e-09	0.000503091534483
3.26928050844e-09	0.000191227925825
3.3060139973e-09	-0.000173132622876
3.34274748616e-09	-0.000432243687101
3.37948097502e-09	-0.000486517274112
3.41621446388e-09	-0.000331473260303
3.45294795274e-09	-5.08541352247e-05
3.4896814416e-09	0.00022591448942
3.52641493046e-09	0.000383076519938
3.56314841932e-09	0.000365219952073
3.59988190817e-09	0.000195524979063
3.63661539703e-09	-4.12713534388e-05
3.67334888589e-09	-0.000239521232288
3.71008237475e-09	-0.000319359940477
3.74681586361e-09	-0.000257786428847
3.78354935247e-09	-9.33449500735e-05
3.82028284133e-09	9.55616997089e-05
3.85701633019e-09	0.000227506414376
3.89374981905e-09	0.00025196801289
3.9304833079e-09	0.000168358888914
3.96721679676e-09	2.15765076064e-05
4.00395028562e-09	-0.000121198005218
4.04068377448e-09	-0.000200309750653
4.07741726334e-09	-0.000188182479178
4.1141507522e-09	-9.79913511401e-05
4.15088424106e-09	2.53540470112e-05
4.18761772992e-09	0.000126954328152
4.22435121878e-09	0.000166220168467
4.26108470764e-09	0.000132082084747
4.29781819649e-09	4.54221881228e-05
4.33455168535e-09	-5.25156183357e-05
4.37128517421e-09	-0.000119630665722
4.40801866307e-09	-0.00013047100947
4.44475215193e-09	-8.54946465552e-05
4.48148564079e-09	-8.61418584464e-06
4.51821912965e-09	6.50113943266e-05
4.55495261851e-09	0.000104749919046
4.59168610737e-09	9.69307602645e-05
4.62841959622e-09	4.90242464366e-05
4.66515308508e-09	-1.51055778588e-05
4.70188657394e-09	-6.72426358506e-05
4.7386200628e-09	-8.6438125436e-05
4.77535355166e-09	-6.75626906741e-05
4.81208704052e-09	-2.19993276005e-05
4.84882052938e-09	2.8748569548e-05
4.88555401824e-09	6.28924353805e-05
4.9222875071e-09	6.75487281114e-05
4.95902099595e-09	4.34007761214e-05
4.99575448481e-09	3.15788935268e-06
5.03248797367e-09	-3.48153498635e-05
5.06922146253e-09	-5.47308800378e-05
5.10595495139e-09	-4.98778554174e-05
5.14268844025e-09	-2.4509164632e-05
5.17942192911e-09	8.92510752237e-06
5.21615541797e-09	3.55836300514e-05
5.25288890683e-09	4.49386752734e-05
5.28962239568e-09	3.45454091075e-05
5.32635588454e-09	1.0608815046e-05
5.3630893734e-09	-1.56931751008e-05
5.39982286226e-09	-3.3030675695e-05
5.43655635112e-09	-3.49333540726e-05
5.47328983998e-09	-2.19950961764e-05
5.51002332884e-09	-9.42949696991e-07
5.5467568177e-09	1.86039424079e-05
5.58349030656e-09	2.85905884994e-05
5.62022379542e-09	2.56831949628e-05
5.65695728427e-09	1.22190981529e-05
5.69369077313e-09	-5.16646866799e-06
5.73042426199e-09	-1.881923572e-05
5.76715775085e-09	-2.33484292949e-05
5.80389123971e-09	-1.76640987775e-05
5.84062472857e-09	-5.04377828747e-06
5.87735821743e-09	8.53800315781e-06
5.91409170629e-09	1.73506309693e-05
5.95082519515e-09	1.80527645171e-05
5.987558684e-09	1.11333713448e-05
6.02429217286e-09	1.47977040399e-07
6.06102566172e-09	-9.93069056676e-06
6.09775915058e-09	-1.49258662532e-05
6.13449263944e-09	-1.32042866881e-05
6.1712261283e-09	-6.08295579241e-06
6.20795961716e-09	2.95852350973e-06
6.24469310602e-09	9.9503988622e-06
6.28142659488e-09	1.21331599985e-05
6.31816008373e-09	9.01851103663e-06
6.35489357259e-09	2.39698306359e-06
6.39162706145e-09	-4.64174968329e-06
6.42836055031e-09	-9.0944333806e-06
6.46509403917e-09	-9.33787464419e-06
6.50182752803e-09	-5.62272293791e-06
6.53856101689e-09	1.08675315857e-07
6.57529450575e-09	5.30226009232e-06
6.61202799461e-09	7.78379421718e-06
6.64876148347e-09	6.78451203839e-06
6.68549497232e-09	3.02354453652e-06
6.72222846118e-09	-1.67990219779e-06
6.75896195004e-09	-5.24787003542e-06
6.7956954389e-09	-6.29935368579e-06
6.83242892776e-09	-4.60457056306e-06
6.86916241662e-09	-1.12576691436e-06
6.90589590548e-09	2.5148167424e-06
6.94262939434e-09	4.77439482438e-06
6.9793628832e-09	4.82546840885e-06
7.01609637205e-09	2.83940272539e-06
7.05282986091e-09	-1.59825287227e-07
7.08956334977e-09	-2.8163660204e-06
7.12629683863e-09	-4.0642418071e-06
7.16303032749e-09	-3.48057250221e-06
7.19976381635e-09	-1.49717891418e-06
7.23649730521e-09	9.46398003521e-07
7.27323079407e-09	2.77056318509e-06
7.30996428293e-09	3.26838920728e-06
7.34669777178e-09	2.35033206764e-06
7.38343126064e-09	5.21301018352e-07
7.4201647495e-09	-1.35801326451e-06
7.45689823836e-09	-2.50312427852e-06
7.49363172722e-09	-2.48894531296e-06
7.53036521608e-09	-1.43447576306e-06
7.56709870494e-09	1.31545728976e-07
7.6038321938e-09	1.50120831677e-06
7.64056568266e-09	2.11858997545e-06
7.67729917151e-09	1.7899998852e-06
7.71403266037e-09	7.36168985327e-07
7.75076614923e-09	-5.28231097974e-07
7.78749963809e-09	-1.46248768829e-06
7.82423312695e-09	-1.69265175032e-06
7.86096661581e-09	-1.19650414376e-06
7.89770010467e-09	-2.3935536575e-07
7.93443359353e-09	7.33981309509e-07
7.97116708239e-09	1.30805992171e-06
8.00790057125e-09	1.28758455276e-06
8.0446340601e-09	7.222439109e-07
8.08136754896e-09	-9.35290493942e-08
8.11810103782e-09	-7.99718634426e-07
8.15483452668e-09	-1.10243536255e-06
8.19156801554e-09	-9.18812247619e-07
8.2283015044e-09	-3.6156745864e-07
8.26503499326e-09	2.94264062006e-07
8.30176848212e-09	7.6950932737e-07
8.33850197098e-09	8.79737257264e-07
8.37523545983e-09	6.07772122407e-07
8.41196894869e-09	1.08428094947e-07
8.44870243755e-09	-3.95365404415e-07
8.48543592641e-09	-6.86313256892e-07
8.52216941527e-09	-6.6206324334e-07
8.55890290413e-09	-3.63851199836e-07
8.59563639299e-09	6.37040571405e-08
8.63236988185e-09	4.2197482486e-07
8.66910337071e-09	5.7565956979e-07
8.70583685956e-09	4.69837402761e-07
8.74257034842e-09	1.79541462586e-07
8.77930383728e-09	-1.63840706335e-07
8.81603732614e-09	-4.04771583362e-07
8.852770815e-09	-4.56579783759e-07
8.88950430386e-09	-3.08941359606e-07
8.92623779272e-09	-4.68072052229e-08
8.96297128158e-09	2.12300676594e-07
8.99970477044e-09	3.59132329208e-07
9.0364382593e-09	3.40866961324e-07
9.07317174815e-09	1.82548770766e-07
9.10990523701e-09	-3.88447212174e-08
9.14663872587e-09	-2.25054431979e-07
9.18337221473e-09	-2.98321175762e-07
9.22010570359e-09	-2.42325114641e-07
9.25683919245e-09	-8.58106368185e-08
9.29357268131e-09	8.94672336216e-08
9.33030617017e-09	2.13933827098e-07
9.36703965903e-09	2.35298241336e-07
9.40377314788e-09	1.58153689256e-07
9.44050663674e-09	1.88939326407e-08
9.4772401256e-09	-1.13173449279e-07
9.51397361446e-09	-1.88302337278e-07
