% time-domain current integration by openEMS v0.37.0-rc1-11-gd3d2a49 @Wed Sep  2 22:38:40 2026
% start-coordinates: (-0.00422507,0.00789738,0.0004) m -> [20,25,15]
% stop-coordinates: (0,0.0097,0.0004) m -> [21,26,15]
% t/s	current
5.56568013014e-13	0
3.72900568719e-11	-1.72862613113e-08
7.40235457309e-11	-1.29719506248e-08
1.1075703459e-10	2.66751278843e-08
1.47490523449e-10	9.31341617161e-08
1.84224012308e-10	1.85572758937e-07
2.20957501167e-10	2.61431324589e-07
2.57690990025e-10	2.45991259362e-07
2.94424478884e-10	4.62050202543e-08
3.31157967743e-10	-4.03516850156e-07
3.67891456602e-10	-1.06944708023e-06
4.04624945461e-10	-1.75526247403e-06
4.4135843432e-10	-2.06638333111e-06
4.78091923179e-10	-1.4858526356e-06
5.14825412038e-10	4.19020921072e-07
5.51558900897e-10	3.66285621567e-06
5.88292389756e-10	7.53001768317e-06
6.25025878615e-10	1.04380269477e-05
6.61759367474e-10	1.02549201983e-05
6.98492856333e-10	5.06269998368e-06
7.35226345191e-10	-5.68342557017e-06
7.7195983405e-10	-2.010895696e-05
8.08693322909e-10	-3.35525401169e-05
8.45426811768e-10	-3.94886810682e-05
8.82160300627e-10	-3.18006932503e-05
9.18893789486e-10	-7.86177497503e-06
9.55627278345e-10	2.88394712697e-05
9.92360767204e-10	6.80134180584e-05
1.02909425606e-09	9.48241940932e-05
1.06582774492e-09	9.49881505221e-05
1.10256123378e-09	6.10723072896e-05
1.13929472264e-09	-2.61746231445e-06
1.1760282115e-09	-7.91441343608e-05
1.21276170036e-09	-0.000143339304486
1.24949518922e-09	-0.000170486295247
1.28622867808e-09	-0.000146165693877
1.32296216693e-09	-7.30952451704e-05
1.35969565579e-09	2.82924884232e-05
1.39642914465e-09	0.000126311249915
1.43316263351e-09	0.000189282174688
1.46989612237e-09	0.000197080240468
1.50662961123e-09	0.000148265797179
1.54336310009e-09	6.00030980422e-05
1.58009658895e-09	-3.89365959563e-05
1.61683007781e-09	-0.000118888361612
1.65356356666e-09	-0.000159235642059
1.69029705552e-09	-0.000153884262545
1.72703054438e-09	-0.000110875545943
1.76376403324e-09	-4.73295403935e-05
1.8004975221e-09	1.7456814021e-05
1.83723101096e-09	6.78292708471e-05
1.87396449982e-09	9.48685992626e-05
1.91069798868e-09	9.66387524386e-05
1.94743147754e-09	7.67101955716e-05
1.98416496639e-09	4.2226180085e-05
2.02089845525e-09	2.21927552957e-06
2.05763194411e-09	-3.38330573868e-05
2.09436543297e-09	-5.75848680455e-05
2.13109892183e-09	-6.36629119981e-05
2.16783241069e-09	-5.13322011102e-05
2.20456589955e-09	-2.51601195487e-05
2.24129938841e-09	6.02053023613e-06
2.27803287727e-09	3.18658458127e-05
2.31476636613e-09	4.41167030658e-05
2.35149985498e-09	3.96117102355e-05
2.38823334384e-09	2.14100364246e-05
2.4249668327e-09	-2.54830524682e-06
2.46170032156e-09	-2.26986721827e-05
2.49843381042e-09	-3.16788173222e-05
2.53516729928e-09	-2.70921409538e-05
2.57190078814e-09	-1.21244393085e-05
2.608634277e-09	6.16106899543e-06
2.64536776586e-09	1.99978640012e-05
2.68210125471e-09	2.41440375248e-05
2.71883474357e-09	1.78244372364e-05
2.75556823243e-09	4.66106075692e-06
2.79230172129e-09	-9.21523769648e-06
2.82903521015e-09	-1.79355483851e-05
2.86576869901e-09	-1.83207339433e-05
2.90250218787e-09	-1.09583197627e-05
2.93923567673e-09	3.40702058566e-07
2.97596916559e-09	1.04776945591e-05
3.01270265444e-09	1.53078181029e-05
3.0494361433e-09	1.32707300509e-05
3.08616963216e-09	5.83778864893e-06
3.12290312102e-09	-3.38216841556e-06
3.15963660988e-09	-1.03564261735e-05
3.19637009874e-09	-1.23569116113e-05
3.2331035876e-09	-8.98932194104e-06
3.26983707646e-09	-2.14574674828e-06
3.30657056532e-09	4.98832014273e-06
3.34330405418e-09	9.38980883802e-06
3.38003754303e-09	9.45081228565e-06
3.41677103189e-09	5.53463405595e-06
3.45350452075e-09	-3.60099960517e-07
3.49023800961e-09	-5.57261046197e-06
3.52697149847e-09	-7.98065957497e-06
3.56370498733e-09	-6.81848268869e-06
3.60043847619e-09	-2.89662557407e-06
3.63717196505e-09	1.89517038507e-06
3.67390545391e-09	5.45993862033e-06
3.71063894276e-09	6.41203951091e-06
3.74737243162e-09	4.58222348243e-06
3.78410592048e-09	9.90577973425e-07
3.82083940934e-09	-2.6958196031e-06
3.8575728982e-09	-4.92143999509e-06
3.89430638706e-09	-4.87734996568e-06
3.93103987592e-09	-2.78869310932e-06
3.96777336478e-09	2.83408041923e-07
4.00450685364e-09	2.96317944048e-06
4.04124034249e-09	4.1581856749e-06
4.07797383135e-09	3.4996485283e-06
4.11470732021e-09	1.4269633084e-06
4.15144080907e-09	-1.05942785922e-06
4.18817429793e-09	-2.87819375444e-06
4.22490778679e-09	-3.32657145918e-06
4.26164127565e-09	-2.33547712014e-06
4.29837476451e-09	-4.50583797829e-07
4.33510825337e-09	1.4537131392e-06
4.37184174222e-09	2.57724195762e-06
4.40857523108e-09	2.51700589615e-06
4.44530871994e-09	1.40403722071e-06
4.4820422088e-09	-1.99162940362e-07
4.51877569766e-09	-1.57544764079e-06
4.55550918652e-09	-2.16700368583e-06
4.59224267538e-09	-1.79497226327e-06
4.62897616424e-09	-7.01336489328e-07
4.6657096531e-09	5.87534373153e-07
4.70244314196e-09	1.51642393575e-06
4.73917663081e-09	1.72399938947e-06
4.77591011967e-09	1.18810282856e-06
4.81264360853e-09	2.01323402393e-07
4.84937709739e-09	-7.82436814006e-07
4.88611058625e-09	-1.34941649321e-06
4.92284407511e-09	-1.29863940401e-06
4.95957756397e-09	-7.06562730102e-07
4.99631105283e-09	1.29867160581e-07
5.03304454169e-09	8.36679930671e-07
5.06977803054e-09	1.12821589937e-06
5.1065115194e-09	9.19890510431e-07
5.14324500826e-09	3.43733063346e-07
5.17997849712e-09	-3.26024718333e-07
5.21671198598e-09	-7.98094220045e-07
5.25344547484e-09	-8.93382662071e-07
5.2901789637e-09	-6.04115484748e-07
5.32691245256e-09	-8.77672192701e-08
5.36364594142e-09	4.20496093056e-07
5.40037943027e-09	7.05869581452e-07
5.43711291913e-09	6.69261794428e-07
5.47384640799e-09	3.54750000042e-07
5.51057989685e-09	-8.13440337311e-08
5.54731338571e-09	-4.43584610821e-07
5.58404687457e-09	-5.87517547501e-07
5.62078036343e-09	-4.71679726388e-07
5.65751385229e-09	-1.67530743056e-07
5.69424734115e-09	1.79409667567e-07
5.73098083e-09	4.20047115313e-07
5.76771431886e-09	4.62630367792e-07
5.80444780772e-09	3.07066500227e-07
5.84118129658e-09	3.59903111757e-08
5.87791478544e-09	-2.25386514785e-07
5.9146482743e-09	-3.69398577504e-07
5.95138176316e-09	-3.44520685758e-07
5.98811525202e-09	-1.77892815145e-07
6.02484874088e-09	4.8981469547e-08
6.06158222974e-09	2.35134848481e-07
6.09831571859e-09	3.05574104686e-07
6.13504920745e-09	2.41488578467e-07
6.17178269631e-09	8.13855720594e-08
6.20851618517e-09	-9.84502435131e-08
6.24524967403e-09	-2.21004796686e-07
6.28198316289e-09	-2.3957292683e-07
6.31871665175e-09	-1.55785144784e-07
6.35545014061e-09	-1.41533966769e-08
6.39218362947e-09	1.20873465903e-07
6.42891711832e-09	1.92847153357e-07
6.46565060718e-09	1.77613387109e-07
6.50238409604e-09	8.87898252699e-08
6.5391175849e-09	-2.90766486444e-08
6.57585107376e-09	-1.24639086607e-07
6.61258456262e-09	-1.58793213245e-07
6.64931805148e-09	-1.23532828411e-07
6.68605154034e-09	-3.94254939806e-08
6.7227850292e-09	5.39203099947e-08
6.75951851805e-09	1.159543217e-07
6.79625200691e-09	1.24061187989e-07
6.83298549577e-09	7.90019498709e-08
6.86971898463e-09	4.92826934817e-09
6.90645247349e-09	-6.46885709443e-08
6.94318596235e-09	-1.00884264498e-07
6.97991945121e-09	-9.1425164328e-08
7.01665294007e-09	-4.43191865429e-08
7.05338642893e-09	1.71171379293e-08
7.09011991779e-09	6.57673098203e-08
7.12685340664e-09	8.26837833756e-08
7.1635868955e-09	6.30414405123e-08
7.20032038436e-09	1.89744486789e-08
7.23705387322e-09	-2.9401746815e-08
7.27378736208e-09	-6.09604740021e-08
7.31052085094e-09	-6.41106296939e-08
7.3472543398e-09	-4.01291515573e-08
7.38398782866e-09	-1.2140650707e-09
7.42072131752e-09	3.44767094873e-08
7.45745480637e-09	5.27329930833e-08
7.49418829523e-09	4.69556873384e-08
7.53092178409e-09	2.21715605875e-08
7.56765527295e-09	-9.86310411122e-09
7.60438876181e-09	-3.48171482756e-08
7.64112225067e-09	-4.29498250298e-08
7.67785573953e-09	-3.22786561924e-08
7.71458922839e-09	-8.96011087548e-09
7.75132271725e-09	1.59359707652e-08
7.7880562061e-09	3.20389759167e-08
7.82478969496e-09	3.30683285199e-08
7.86152318382e-09	2.02891055068e-08
7.89825667268e-09	1.05222774938e-11
7.93499016154e-09	-1.84517734425e-08
7.9717236504e-09	-2.74181086724e-08
8.00845713926e-09	-2.42645032955e-08
8.04519062812e-09	-1.09619202604e-08
8.08192411698e-09	5.57828583325e-09
8.11865760583e-09	1.84626465227e-08
8.15539109469e-09	2.22506848502e-08
8.19212458355e-09	1.65116080808e-08
8.22885807241e-09	4.20989687555e-09
8.26559156127e-09	-8.64992966143e-09
8.30232505013e-09	-1.67812075347e-08
8.33905853899e-09	-1.71495670998e-08
8.37579202785e-09	-1.01993968826e-08
8.41252551671e-09	2.8730579027e-10
8.44925900557e-09	9.86291226468e-09
8.48599249442e-09	1.43288296783e-08
8.52272598328e-09	1.24063763707e-08
8.55945947214e-09	5.47299094933e-09
8.596192961e-09	-3.22468962644e-09
8.63292644986e-09	-9.65474988845e-09
8.66965993872e-09	-1.16143183959e-08
8.70639342758e-09	-8.36274871574e-09
8.74312691644e-09	-2.03333239135e-09
8.7798604053e-09	4.73038230808e-09
8.81659389415e-09	8.77845351965e-09
8.85332738301e-09	8.87355255941e-09
8.89006087187e-09	5.14384490558e-09
8.92679436073e-09	-3.58580914961e-10
8.96352784959e-09	-5.22621768084e-09
9.00026133845e-09	-7.49503570319e-09
9.03699482731e-09	-6.33805896655e-09
9.07372831617e-09	-2.72682343372e-09
9.11046180503e-09	1.80434933661e-09
9.14719529388e-09	5.12210629466e-09
9.18392878274e-09	5.99745897389e-09
9.2206622716e-09	4.32224123159e-09
9.25739576046e-09	8.82288686554e-10
9.29412924932e-09	-2.50221576792e-09
9.33086273818e-09	-4.63967353426e-09
9.36759622704e-09	-4.53832749159e-09
9.4043297159e-09	-2.62983212984e-09
9.44106320476e-09	2.9969829396e-10
9.47779669362e-09	2.76526779253e-09
9.51453018247e-09	3.91334920025e-09
