0	0
1.11314e-12	-0.000114878
2.22627e-12	-0.000115633
3.33941e-12	-0.000116352
4.45254e-12	-0.000117034
5.56568e-12	-0.000117677
6.67882e-12	-0.000118281
7.79195e-12	-0.000118843
8.90509e-12	-0.000119362
1.00182e-11	-0.000119838
1.11314e-11	-0.000120267
1.22445e-11	-0.00012065
1.33576e-11	-0.000120984
1.44708e-11	-0.000121268
1.55839e-11	-0.0001215
1.6697e-11	-0.000121679
1.78102e-11	-0.000121804
1.89233e-11	-0.000121872
2.00364e-11	-0.000121883
2.11496e-11	-0.000121834
2.22627e-11	-0.000121724
2.33759e-11	-0.000121552
2.4489e-11	-0.000121316
2.56021e-11	-0.000121013
2.67153e-11	-0.000120643
2.78284e-11	-0.000120204
2.89415e-11	-0.000119695
3.00547e-11	-0.000119112
3.11678e-11	-0.000118456
3.22809e-11	-0.000117724
3.33941e-11	-0.000116914
3.45072e-11	-0.000116025
3.56204e-11	-0.000115055
3.67335e-11	-0.000114002
3.78466e-11	-0.000112865
3.89598e-11	-0.000111642
4.00729e-11	-0.000110331
4.1186e-11	-0.000108931
4.22992e-11	-0.000107439
4.34123e-11	-0.000105854
4.45254e-11	-0.000104175
4.56386e-11	-0.000102399
4.67517e-11	-0.000100525
4.78648e-11	-9.85511e-05
4.8978e-11	-9.64756e-05
5.00911e-11	-9.42968e-05
5.12043e-11	-9.2013e-05
5.23174e-11	-8.96224e-05
5.34305e-11	-8.71235e-05
5.45437e-11	-8.45145e-05
5.56568e-11	-8.17938e-05
5.67699e-11	-7.89596e-05
5.78831e-11	-7.60105e-05
5.89962e-11	-7.29446e-05
6.01093e-11	-6.97605e-05
6.12225e-11	-6.64565e-05
6.23356e-11	-6.3031e-05
6.34488e-11	-5.94825e-05
6.45619e-11	-5.58095e-05
6.5675e-11	-5.20103e-05
6.67882e-11	-4.80836e-05
6.79013e-11	-4.40278e-05
6.90144e-11	-3.98414e-05
7.01276e-11	-3.55232e-05
7.12407e-11	-3.10716e-05
7.23538e-11	-2.64852e-05
7.3467e-11	-2.17629e-05
7.45801e-11	-1.69031e-05
7.56932e-11	-1.19048e-05
7.68064e-11	-6.76656e-06
7.79195e-11	-1.48728e-06
7.90327e-11	3.93423e-06
8.01458e-11	9.49909e-06
8.12589e-11	1.52084e-05
8.23721e-11	2.10632e-05
8.34852e-11	2.70644e-05
8.45983e-11	3.32131e-05
8.57115e-11	3.95101e-05
8.68246e-11	4.59563e-05
8.79377e-11	5.25524e-05
8.90509e-11	5.92993e-05
9.0164e-11	6.61977e-05
9.12772e-11	7.32481e-05
9.23903e-11	8.04512e-05
9.35034e-11	8.78075e-05
9.46166e-11	9.53175e-05
9.57297e-11	0.000102981
9.68428e-11	0.0001108
9.7956e-11	0.000118773
9.90691e-11	0.000126901
1.00182e-10	0.000135184
1.01295e-10	0.000143622
1.02409e-10	0.000152215
1.03522e-10	0.000160964
1.04635e-10	0.000169867
1.05748e-10	0.000178924
1.06861e-10	0.000188136
1.07974e-10	0.000197502
1.09087e-10	0.000207021
1.102e-10	0.000216694
1.11314e-10	0.000226518
1.12427e-10	0.000236494
1.1354e-10	0.00024662
1.14653e-10	0.000256896
1.15766e-10	0.000267321
1.16879e-10	0.000277893
1.17992e-10	0.000288612
1.19106e-10	0.000299475
1.20219e-10	0.000310483
1.21332e-10	0.000321632
1.22445e-10	0.000332922
1.23558e-10	0.00034435
1.24671e-10	0.000355916
1.25784e-10	0.000367616
1.26898e-10	0.000379449
1.28011e-10	0.000391413
1.29124e-10	0.000403505
1.30237e-10	0.000415723
1.3135e-10	0.000428065
1.32463e-10	0.000440527
1.33576e-10	0.000453107
1.34689e-10	0.000465803
1.35803e-10	0.00047861
1.36916e-10	0.000491527
1.38029e-10	0.000504549
1.39142e-10	0.000517673
1.40255e-10	0.000530896
1.41368e-10	0.000544214
1.42481e-10	0.000557624
1.43595e-10	0.00057112
1.44708e-10	0.0005847
1.45821e-10	0.000598359
1.46934e-10	0.000612092
1.48047e-10	0.000625895
1.4916e-10	0.000639764
1.50273e-10	0.000653694
1.51386e-10	0.000667679
1.525e-10	0.000681715
1.53613e-10	0.000695797
1.54726e-10	0.000709918
1.55839e-10	0.000724074
1.56952e-10	0.00073826
1.58065e-10	0.000752468
1.59178e-10	0.000766693
1.60292e-10	0.000780929
1.61405e-10	0.00079517
1.62518e-10	0.00080941
1.63631e-10	0.000823641
1.64744e-10	0.000837857
1.65857e-10	0.000852051
1.6697e-10	0.000866216
1.68084e-10	0.000880345
1.69197e-10	0.000894431
1.7031e-10	0.000908466
1.71423e-10	0.000922442
1.72536e-10	0.000936352
1.73649e-10	0.000950188
1.74762e-10	0.000963941
1.75875e-10	0.000977603
1.76989e-10	0.000991166
1.78102e-10	0.00100462
1.79215e-10	0.00101796
1.80328e-10	0.00103117
1.81441e-10	0.00104425
1.82554e-10	0.00105719
1.83667e-10	0.00106997
1.84781e-10	0.00108259
1.85894e-10	0.00109504
1.87007e-10	0.00110731
1.8812e-10	0.00111938
1.89233e-10	0.00113125
1.90346e-10	0.00114291
1.91459e-10	0.00115435
1.92573e-10	0.00116556
1.93686e-10	0.00117652
1.94799e-10	0.00118723
1.95912e-10	0.00119767
1.97025e-10	0.00120783
1.98138e-10	0.00121771
1.99251e-10	0.00122729
2.00364e-10	0.00123656
2.01478e-10	0.00124551
2.02591e-10	0.00125413
2.03704e-10	0.0012624
2.04817e-10	0.00127031
2.0593e-10	0.00127785
2.07043e-10	0.00128502
2.08156e-10	0.00129179
2.0927e-10	0.00129815
2.10383e-10	0.0013041
2.11496e-10	0.00130961
2.12609e-10	0.00131469
2.13722e-10	0.0013193
2.14835e-10	0.00132345
2.15948e-10	0.00132712
2.17062e-10	0.00133029
2.18175e-10	0.00133296
2.19288e-10	0.0013351
2.20401e-10	0.00133671
2.21514e-10	0.00133778
2.22627e-10	0.00133828
2.2374e-10	0.00133821
2.24853e-10	0.00133756
2.25967e-10	0.0013363
2.2708e-10	0.00133443
2.28193e-10	0.00133194
2.29306e-10	0.0013288
2.30419e-10	0.00132501
2.31532e-10	0.00132056
2.32645e-10	0.00131542
2.33759e-10	0.00130959
2.34872e-10	0.00130306
2.35985e-10	0.0012958
2.37098e-10	0.00128781
2.38211e-10	0.00127907
2.39324e-10	0.00126956
2.40437e-10	0.00125929
2.41551e-10	0.00124823
2.42664e-10	0.00123636
2.43777e-10	0.00122369
2.4489e-10	0.00121018
2.46003e-10	0.00119584
2.47116e-10	0.00118064
2.48229e-10	0.00116458
2.49342e-10	0.00114764
2.50456e-10	0.00112981
2.51569e-10	0.00111108
2.52682e-10	0.00109143
2.53795e-10	0.00107085
2.54908e-10	0.00104934
2.56021e-10	0.00102687
2.57134e-10	0.00100344
2.58248e-10	0.000979033
2.59361e-10	0.000953642
2.60474e-10	0.000927253
2.61587e-10	0.000899855
2.627e-10	0.000871439
2.63813e-10	0.000841993
2.64926e-10	0.000811507
2.6604e-10	0.000779972
2.67153e-10	0.000747376
2.68266e-10	0.000713711
2.69379e-10	0.000678967
2.70492e-10	0.000643136
2.71605e-10	0.000606207
2.72718e-10	0.000568174
2.73831e-10	0.000529028
2.74945e-10	0.000488761
2.76058e-10	0.000447366
2.77171e-10	0.000404834
2.78284e-10	0.000361161
2.79397e-10	0.000316338
2.8051e-10	0.000270361
2.81623e-10	0.000223222
2.82737e-10	0.000174918
2.8385e-10	0.000125443
2.84963e-10	7.47922e-05
2.86076e-10	2.29619e-05
2.87189e-10	-3.00515e-05
2.88302e-10	-8.42514e-05
2.89415e-10	-0.00013964
2.90529e-10	-0.000196221
2.91642e-10	-0.000253995
2.92755e-10	-0.000312963
2.93868e-10	-0.000373127
2.94981e-10	-0.000434487
2.96094e-10	-0.000497042
2.97207e-10	-0.000560792
2.9832e-10	-0.000625736
2.99434e-10	-0.000691872
3.00547e-10	-0.000759196
3.0166e-10	-0.000827708
3.02773e-10	-0.000897402
3.03886e-10	-0.000968275
3.04999e-10	-0.00104032
3.06112e-10	-0.00111354
3.07226e-10	-0.00118792
3.08339e-10	-0.00126345
3.09452e-10	-0.00134014
3.10565e-10	-0.00141796
3.11678e-10	-0.00149692
3.12791e-10	-0.001577
3.13904e-10	-0.00165819
3.15017e-10	-0.00174049
3.16131e-10	-0.00182388
3.17244e-10	-0.00190834
3.18357e-10	-0.00199388
3.1947e-10	-0.00208046
3.20583e-10	-0.00216809
3.21696e-10	-0.00225674
3.22809e-10	-0.00234639
3.23923e-10	-0.00243704
3.25036e-10	-0.00252867
3.26149e-10	-0.00262125
3.27262e-10	-0.00271476
3.28375e-10	-0.0028092
3.29488e-10	-0.00290453
3.30601e-10	-0.00300074
3.31715e-10	-0.0030978
3.32828e-10	-0.00319569
3.33941e-10	-0.0032944
3.35054e-10	-0.00339388
3.36167e-10	-0.00349412
3.3728e-10	-0.00359509
3.38393e-10	-0.00369677
3.39506e-10	-0.00379912
3.4062e-10	-0.00390212
3.41733e-10	-0.00400574
3.42846e-10	-0.00410994
3.43959e-10	-0.0042147
3.45072e-10	-0.00431998
3.46185e-10	-0.00442576
3.47298e-10	-0.00453198
3.48412e-10	-0.00463863
3.49525e-10	-0.00474567
3.50638e-10	-0.00485305
3.51751e-10	-0.00496074
3.52864e-10	-0.0050687
3.53977e-10	-0.0051769
3.5509e-10	-0.00528529
3.56204e-10	-0.00539383
3.57317e-10	-0.00550247
3.5843e-10	-0.00561119
3.59543e-10	-0.00571992
3.60656e-10	-0.00582863
3.61769e-10	-0.00593727
3.62882e-10	-0.0060458
3.63995e-10	-0.00615416
3.65109e-10	-0.00626231
3.66222e-10	-0.0063702
3.67335e-10	-0.00647778
3.68448e-10	-0.00658499
3.69561e-10	-0.00669179
3.70674e-10	-0.00679813
3.71787e-10	-0.00690394
3.72901e-10	-0.00700918
3.74014e-10	-0.00711379
3.75127e-10	-0.00721772
3.7624e-10	-0.0073209
3.77353e-10	-0.00742328
3.78466e-10	-0.0075248
3.79579e-10	-0.0076254
3.80693e-10	-0.00772502
3.81806e-10	-0.0078236
3.82919e-10	-0.00792108
3.84032e-10	-0.0080174
3.85145e-10	-0.00811249
3.86258e-10	-0.0082063
3.87371e-10	-0.00829874
3.88484e-10	-0.00838977
3.89598e-10	-0.00847931
3.90711e-10	-0.0085673
3.91824e-10	-0.00865366
3.92937e-10	-0.00873834
3.9405e-10	-0.00882127
3.95163e-10	-0.00890236
3.96276e-10	-0.00898157
3.9739e-10	-0.00905881
3.98503e-10	-0.00913401
3.99616e-10	-0.00920711
4.00729e-10	-0.00927803
4.01842e-10	-0.0093467
4.02955e-10	-0.00941305
4.04068e-10	-0.009477
4.05182e-10	-0.00953848
4.06295e-10	-0.00959742
4.07408e-10	-0.00965374
4.08521e-10	-0.00970737
4.09634e-10	-0.00975824
4.10747e-10	-0.00980626
4.1186e-10	-0.00985137
4.12973e-10	-0.00989348
4.14087e-10	-0.00993253
4.152e-10	-0.00996843
4.16313e-10	-0.0100011
4.17426e-10	-0.0100305
4.18539e-10	-0.0100565
4.19652e-10	-0.0100791
4.20765e-10	-0.0100982
4.21879e-10	-0.0101136
4.22992e-10	-0.0101254
4.24105e-10	-0.0101334
4.25218e-10	-0.0101376
4.26331e-10	-0.0101379
4.27444e-10	-0.0101342
4.28557e-10	-0.0101265
4.29671e-10	-0.0101146
4.30784e-10	-0.0100985
4.31897e-10	-0.0100782
4.3301e-10	-0.0100535
4.34123e-10	-0.0100243
4.35236e-10	-0.00999072
4.36349e-10	-0.00995253
4.37462e-10	-0.0099097
4.38576e-10	-0.00986215
4.39689e-10	-0.00980982
4.40802e-10	-0.00975264
4.41915e-10	-0.00969053
4.43028e-10	-0.00962343
4.44141e-10	-0.00955127
4.45254e-10	-0.00947399
4.46368e-10	-0.00939151
4.47481e-10	-0.00930377
4.48594e-10	-0.00921071
4.49707e-10	-0.00911227
4.5082e-10	-0.00900838
4.51933e-10	-0.00889898
4.53046e-10	-0.00878402
4.54159e-10	-0.00866343
4.55273e-10	-0.00853715
4.56386e-10	-0.00840513
4.57499e-10	-0.00826732
4.58612e-10	-0.00812366
4.59725e-10	-0.0079741
4.60838e-10	-0.0078186
4.61951e-10	-0.00765709
4.63065e-10	-0.00748953
4.64178e-10	-0.00731589
4.65291e-10	-0.0071361
4.66404e-10	-0.00695014
4.67517e-10	-0.00675796
4.6863e-10	-0.00655952
4.69743e-10	-0.00635479
4.70857e-10	-0.00614372
4.7197e-10	-0.0059263
4.73083e-10	-0.00570248
4.74196e-10	-0.00547223
4.75309e-10	-0.00523554
4.76422e-10	-0.00499237
4.77535e-10	-0.00474271
4.78648e-10	-0.00448653
4.79762e-10	-0.00422381
4.80875e-10	-0.00395455
4.81988e-10	-0.00367872
4.83101e-10	-0.00339632
4.84214e-10	-0.00310733
4.85327e-10	-0.00281176
4.8644e-10	-0.00250959
4.87554e-10	-0.00220084
4.88667e-10	-0.00188549
4.8978e-10	-0.00156356
4.90893e-10	-0.00123505
4.92006e-10	-0.000899976
4.93119e-10	-0.000558348
4.94232e-10	-0.000210182
4.95346e-10	0.000144503
4.96459e-10	0.000505683
4.97572e-10	0.000873334
4.98685e-10	0.00124743
4.99798e-10	0.00162793
5.00911e-10	0.00201482
5.02024e-10	0.00240804
5.03137e-10	0.00280756
5.04251e-10	0.00321334
5.05364e-10	0.00362532
5.06477e-10	0.00404347
5.0759e-10	0.00446771
5.08703e-10	0.004898
5.09816e-10	0.00533427
5.10929e-10	0.00577647
5.12043e-10	0.00622452
5.13156e-10	0.00667835
5.14269e-10	0.00713788
5.15382e-10	0.00760305
5.16495e-10	0.00807376
5.17608e-10	0.00854993
5.18721e-10	0.00903147
5.19835e-10	0.00951829
5.20948e-10	0.0100103
5.22061e-10	0.0105074
5.23174e-10	0.0110094
5.24287e-10	0.0115164
5.254e-10	0.0120281
5.26513e-10	0.0125444
5.27626e-10	0.0130652
5.2874e-10	0.0135905
5.29853e-10	0.01412
5.30966e-10	0.0146537
5.32079e-10	0.0151914
5.33192e-10	0.0157329
5.34305e-10	0.0162782
5.35418e-10	0.016827
5.36532e-10	0.0173793
5.37645e-10	0.0179349
5.38758e-10	0.0184935
5.39871e-10	0.0190552
5.40984e-10	0.0196196
5.42097e-10	0.0201866
5.4321e-10	0.0207561
5.44324e-10	0.0213279
5.45437e-10	0.0219017
5.4655e-10	0.0224775
5.47663e-10	0.023055
5.48776e-10	0.023634
5.49889e-10	0.0242143
5.51002e-10	0.0247958
5.52115e-10	0.0253781
5.53229e-10	0.0259612
5.54342e-10	0.0265448
5.55455e-10	0.0271287
5.56568e-10	0.0277127
5.57681e-10	0.0282965
5.58794e-10	0.02888
5.59907e-10	0.0294628
5.61021e-10	0.0300448
5.62134e-10	0.0306258
5.63247e-10	0.0312054
5.6436e-10	0.0317835
5.65473e-10	0.0323598
5.66586e-10	0.032934
5.67699e-10	0.0335059
5.68813e-10	0.0340753
5.69926e-10	0.0346419
5.71039e-10	0.0352053
5.72152e-10	0.0357655
5.73265e-10	0.036322
5.74378e-10	0.0368747
5.75491e-10	0.0374232
5.76604e-10	0.0379672
5.77718e-10	0.0385066
5.78831e-10	0.039041
5.79944e-10	0.0395701
5.81057e-10	0.0400936
5.8217e-10	0.0406113
5.83283e-10	0.0411229
5.84396e-10	0.041628
5.8551e-10	0.0421264
5.86623e-10	0.0426178
5.87736e-10	0.0431019
5.88849e-10	0.0435783
5.89962e-10	0.0440468
5.91075e-10	0.0445071
5.92188e-10	0.0449589
5.93302e-10	0.0454018
5.94415e-10	0.0458355
5.95528e-10	0.0462598
5.96641e-10	0.0466744
5.97754e-10	0.0470788
5.98867e-10	0.0474729
5.9998e-10	0.0478562
6.01093e-10	0.0482285
6.02207e-10	0.0485895
6.0332e-10	0.0489389
6.04433e-10	0.0492762
6.05546e-10	0.0496013
6.06659e-10	0.0499138
6.07772e-10	0.0502133
6.08885e-10	0.0504997
6.09999e-10	0.0507725
6.11112e-10	0.0510314
6.12225e-10	0.0512761
6.13338e-10	0.0515064
6.14451e-10	0.0517219
6.15564e-10	0.0519222
6.16677e-10	0.0521071
6.1779e-10	0.0522763
6.18904e-10	0.0524295
6.20017e-10	0.0525663
6.2113e-10	0.0526864
6.22243e-10	0.0527896
6.23356e-10	0.0528756
6.24469e-10	0.0529439
6.25582e-10	0.0529945
6.26696e-10	0.0530269
6.27809e-10	0.0530408
6.28922e-10	0.0530361
6.30035e-10	0.0530123
6.31148e-10	0.0529693
6.32261e-10	0.0529066
6.33374e-10	0.0528242
6.34488e-10	0.0527216
6.35601e-10	0.0525986
6.36714e-10	0.052455
6.37827e-10	0.0522904
6.3894e-10	0.0521047
6.40053e-10	0.0518976
6.41166e-10	0.0516688
6.42279e-10	0.0514181
6.43393e-10	0.0511453
6.44506e-10	0.0508501
6.45619e-10	0.0505322
6.46732e-10	0.0501916
6.47845e-10	0.0498279
6.48958e-10	0.0494409
6.50071e-10	0.0490305
6.51185e-10	0.0485964
6.52298e-10	0.0481385
6.53411e-10	0.0476565
6.54524e-10	0.0471503
6.55637e-10	0.0466198
6.5675e-10	0.0460646
6.57863e-10	0.0454847
6.58977e-10	0.04488
6.6009e-10	0.0442503
6.61203e-10	0.0435954
6.62316e-10	0.0429152
6.63429e-10	0.0422096
6.64542e-10	0.0414785
6.65655e-10	0.0407217
6.66768e-10	0.0399393
6.67882e-10	0.039131
6.68995e-10	0.0382968
6.70108e-10	0.0374367
6.71221e-10	0.0365505
6.72334e-10	0.0356383
6.73447e-10	0.0346999
6.7456e-10	0.0337354
6.75674e-10	0.0327446
6.76787e-10	0.0317277
6.779e-10	0.0306846
6.79013e-10	0.0296152
6.80126e-10	0.0285197
6.81239e-10	0.027398
6.82352e-10	0.0262501
6.83466e-10	0.0250762
6.84579e-10	0.0238762
6.85692e-10	0.0226502
6.86805e-10	0.0213983
6.87918e-10	0.0201206
6.89031e-10	0.0188172
6.90144e-10	0.0174882
6.91257e-10	0.0161337
6.92371e-10	0.0147539
6.93484e-10	0.0133488
6.94597e-10	0.0119187
6.9571e-10	0.0104637
6.96823e-10	0.00898396
6.97936e-10	0.0074797
6.99049e-10	0.00595112
7.00163e-10	0.00439842
7.01276e-10	0.00282184
7.02389e-10	0.0012216
7.03502e-10	-0.000402033
7.04615e-10	-0.00204881
7.05728e-10	-0.00371845
7.06841e-10	-0.00541068
7.07955e-10	-0.00712519
7.09068e-10	-0.00886166
7.10181e-10	-0.0106198
7.11294e-10	-0.0123992
7.12407e-10	-0.0141996
7.1352e-10	-0.0160207
7.14633e-10	-0.0178619
7.15746e-10	-0.019723
7.1686e-10	-0.0216035
7.17973e-10	-0.0235031
7.19086e-10	-0.0254213
7.20199e-10	-0.0273577
7.21312e-10	-0.0293118
7.22425e-10	-0.0312831
7.23538e-10	-0.0332713
7.24652e-10	-0.0352757
7.25765e-10	-0.037296
7.26878e-10	-0.0393316
7.27991e-10	-0.0413819
7.29104e-10	-0.0434465
7.30217e-10	-0.0455248
7.3133e-10	-0.0476162
7.32444e-10	-0.0497202
7.33557e-10	-0.0518361
7.3467e-10	-0.0539634
7.35783e-10	-0.0561015
7.36896e-10	-0.0582497
7.38009e-10	-0.0604075
7.39122e-10	-0.0625741
7.40235e-10	-0.0647489
7.41349e-10	-0.0669313
7.42462e-10	-0.0691205
7.43575e-10	-0.0713159
7.44688e-10	-0.0735168
7.45801e-10	-0.0757225
7.46914e-10	-0.0779322
7.48027e-10	-0.0801452
7.49141e-10	-0.0823607
7.50254e-10	-0.0845781
7.51367e-10	-0.0867966
7.5248e-10	-0.0890153
7.53593e-10	-0.0912334
7.54706e-10	-0.0934503
7.55819e-10	-0.0956651
7.56932e-10	-0.097877
7.58046e-10	-0.100085
7.59159e-10	-0.102289
7.60272e-10	-0.104487
7.61385e-10	-0.106679
7.62498e-10	-0.108863
7.63611e-10	-0.11104
7.64724e-10	-0.113208
7.65838e-10	-0.115366
7.66951e-10	-0.117514
7.68064e-10	-0.11965
7.69177e-10	-0.121773
7.7029e-10	-0.123884
7.71403e-10	-0.12598
7.72516e-10	-0.128061
7.7363e-10	-0.130126
7.74743e-10	-0.132173
7.75856e-10	-0.134203
7.76969e-10	-0.136214
7.78082e-10	-0.138205
7.79195e-10	-0.140176
7.80308e-10	-0.142125
7.81421e-10	-0.144051
7.82535e-10	-0.145953
7.83648e-10	-0.147831
7.84761e-10	-0.149683
7.85874e-10	-0.151509
7.86987e-10	-0.153307
7.881e-10	-0.155077
7.89213e-10	-0.156817
7.90327e-10	-0.158527
7.9144e-10	-0.160206
7.92553e-10	-0.161852
7.93666e-10	-0.163465
7.94779e-10	-0.165043
7.95892e-10	-0.166587
7.97005e-10	-0.168094
7.98119e-10	-0.169564
7.99232e-10	-0.170996
8.00345e-10	-0.172388
8.01458e-10	-0.173741
8.02571e-10	-0.175052
8.03684e-10	-0.176322
8.04797e-10	-0.177549
8.0591e-10	-0.178732
8.07024e-10	-0.17987
8.08137e-10	-0.180962
8.0925e-10	-0.182008
8.10363e-10	-0.183006
8.11476e-10	-0.183956
8.12589e-10	-0.184856
8.13702e-10	-0.185706
8.14816e-10	-0.186505
8.15929e-10	-0.187252
8.17042e-10	-0.187946
8.18155e-10	-0.188586
8.19268e-10	-0.189171
8.20381e-10	-0.189701
8.21494e-10	-0.190175
8.22608e-10	-0.190592
8.23721e-10	-0.190951
8.24834e-10	-0.191251
8.25947e-10	-0.191491
8.2706e-10	-0.191672
8.28173e-10	-0.191791
8.29286e-10	-0.191849
8.30399e-10	-0.191844
8.31513e-10	-0.191775
8.32626e-10	-0.191643
8.33739e-10	-0.191447
8.34852e-10	-0.191185
8.35965e-10	-0.190857
8.37078e-10	-0.190463
8.38191e-10	-0.190002
8.39305e-10	-0.189473
8.40418e-10	-0.188875
8.41531e-10	-0.188209
8.42644e-10	-0.187473
8.43757e-10	-0.186667
8.4487e-10	-0.185791
8.45983e-10	-0.184844
8.47097e-10	-0.183825
8.4821e-10	-0.182735
8.49323e-10	-0.181572
8.50436e-10	-0.180337
8.51549e-10	-0.179029
8.52662e-10	-0.177647
8.53775e-10	-0.176191
8.54888e-10	-0.174662
8.56002e-10	-0.173058
8.57115e-10	-0.171379
8.58228e-10	-0.169626
8.59341e-10	-0.167798
8.60454e-10	-0.165894
8.61567e-10	-0.163915
8.6268e-10	-0.161861
8.63794e-10	-0.15973
8.64907e-10	-0.157524
8.6602e-10	-0.155243
8.67133e-10	-0.152885
8.68246e-10	-0.150451
8.69359e-10	-0.147942
8.70472e-10	-0.145357
8.71586e-10	-0.142696
8.72699e-10	-0.13996
8.73812e-10	-0.137148
8.74925e-10	-0.134261
8.76038e-10	-0.131299
8.77151e-10	-0.128262
8.78264e-10	-0.12515
8.79377e-10	-0.121964
8.80491e-10	-0.118704
8.81604e-10	-0.11537
8.82717e-10	-0.111963
8.8383e-10	-0.108483
8.84943e-10	-0.10493
8.86056e-10	-0.101305
8.87169e-10	-0.0976086
8.88283e-10	-0.0938411
8.89396e-10	-0.0900031
8.90509e-10	-0.0860952
8.91622e-10	-0.082118
8.92735e-10	-0.078072
8.93848e-10	-0.0739581
8.94961e-10	-0.0697768
8.96075e-10	-0.0655289
8.97188e-10	-0.0612153
8.98301e-10	-0.0568366
8.99414e-10	-0.0523937
9.00527e-10	-0.0478875
9.0164e-10	-0.0433189
9.02753e-10	-0.0386887
9.03866e-10	-0.033998
9.0498e-10	-0.0292477
9.06093e-10	-0.0244388
9.07206e-10	-0.0195725
9.08319e-10	-0.0146496
9.09432e-10	-0.00967143
9.10545e-10	-0.00463905
9.11658e-10	0.00044638
9.12772e-10	0.00558365
9.13885e-10	0.0107715
9.14998e-10	0.0160088
9.16111e-10	0.0212941
9.17224e-10	0.0266262
9.18337e-10	0.0320037
9.1945e-10	0.0374252
9.20563e-10	0.0428894
9.21677e-10	0.0483947
9.2279e-10	0.0539398
9.23903e-10	0.0595232
9.25016e-10	0.0651434
9.26129e-10	0.0707987
9.27242e-10	0.0764877
9.28355e-10	0.0822087
9.29469e-10	0.0879601
9.30582e-10	0.0937403
9.31695e-10	0.0995477
9.32808e-10	0.10538
9.33921e-10	0.111237
9.35034e-10	0.117115
9.36147e-10	0.123014
9.37261e-10	0.128931
9.38374e-10	0.134864
9.39487e-10	0.140812
9.406e-10	0.146773
9.41713e-10	0.152745
9.42826e-10	0.158726
9.43939e-10	0.164714
9.45052e-10	0.170708
9.46166e-10	0.176704
9.47279e-10	0.182702
9.48392e-10	0.1887
9.49505e-10	0.194694
9.50618e-10	0.200684
9.51731e-10	0.206666
9.52844e-10	0.21264
9.53958e-10	0.218603
9.55071e-10	0.224553
9.56184e-10	0.230488
9.57297e-10	0.236405
9.5841e-10	0.242303
9.59523e-10	0.248179
9.60636e-10	0.254032
9.6175e-10	0.259858
9.62863e-10	0.265657
9.63976e-10	0.271425
9.65089e-10	0.277161
9.66202e-10	0.282862
9.67315e-10	0.288526
9.68428e-10	0.294151
9.69541e-10	0.299735
9.70655e-10	0.305275
9.71768e-10	0.310769
9.72881e-10	0.316216
9.73994e-10	0.321612
9.75107e-10	0.326956
9.7622e-10	0.332245
9.77333e-10	0.337477
9.78447e-10	0.34265
9.7956e-10	0.347761
9.80673e-10	0.352809
9.81786e-10	0.357791
9.82899e-10	0.362705
9.84012e-10	0.367548
9.85125e-10	0.372319
9.86239e-10	0.377016
9.87352e-10	0.381635
9.88465e-10	0.386175
9.89578e-10	0.390635
9.90691e-10	0.39501
9.91804e-10	0.3993
9.92917e-10	0.403503
9.9403e-10	0.407616
9.95144e-10	0.411636
9.96257e-10	0.415563
9.9737e-10	0.419394
9.98483e-10	0.423126
9.99596e-10	0.426758
1.00071e-09	0.430288
1.00182e-09	0.433714
1.00294e-09	0.437034
1.00405e-09	0.440245
1.00516e-09	0.443347
1.00627e-09	0.446336
1.00739e-09	0.449211
1.0085e-09	0.451971
1.00961e-09	0.454612
1.01073e-09	0.457135
1.01184e-09	0.459536
1.01295e-09	0.461814
1.01407e-09	0.463968
1.01518e-09	0.465995
1.01629e-09	0.467893
1.01741e-09	0.469663
1.01852e-09	0.4713
1.01963e-09	0.472805
1.02075e-09	0.474176
1.02186e-09	0.47541
1.02297e-09	0.476507
1.02409e-09	0.477466
1.0252e-09	0.478284
1.02631e-09	0.47896
1.02742e-09	0.479494
1.02854e-09	0.479883
1.02965e-09	0.480127
1.03076e-09	0.480225
1.03188e-09	0.480175
1.03299e-09	0.479976
1.0341e-09	0.479627
1.03522e-09	0.479127
1.03633e-09	0.478475
1.03744e-09	0.47767
1.03856e-09	0.476712
1.03967e-09	0.475599
1.04078e-09	0.474331
1.0419e-09	0.472907
1.04301e-09	0.471327
1.04412e-09	0.469588
1.04523e-09	0.467692
1.04635e-09	0.465638
1.04746e-09	0.463424
1.04857e-09	0.461051
1.04969e-09	0.458519
1.0508e-09	0.455826
1.05191e-09	0.452973
1.05303e-09	0.449959
1.05414e-09	0.446784
1.05525e-09	0.443449
1.05637e-09	0.439952
1.05748e-09	0.436295
1.05859e-09	0.432477
1.05971e-09	0.428498
1.06082e-09	0.424358
1.06193e-09	0.420058
1.06304e-09	0.415598
1.06416e-09	0.410978
1.06527e-09	0.406199
1.06638e-09	0.401261
1.0675e-09	0.396164
1.06861e-09	0.39091
1.06972e-09	0.385498
1.07084e-09	0.37993
1.07195e-09	0.374206
1.07306e-09	0.368327
1.07418e-09	0.362294
1.07529e-09	0.356108
1.0764e-09	0.34977
1.07752e-09	0.34328
1.07863e-09	0.336641
1.07974e-09	0.329852
1.08086e-09	0.322916
1.08197e-09	0.315833
1.08308e-09	0.308605
1.08419e-09	0.301234
1.08531e-09	0.29372
1.08642e-09	0.286066
1.08753e-09	0.278272
1.08865e-09	0.270341
1.08976e-09	0.262274
1.09087e-09	0.254073
1.09199e-09	0.245739
1.0931e-09	0.237275
1.09421e-09	0.228683
1.09533e-09	0.219964
1.09644e-09	0.21112
1.09755e-09	0.202154
1.09867e-09	0.193067
1.09978e-09	0.183863
1.10089e-09	0.174542
1.102e-09	0.165108
1.10312e-09	0.155563
1.10423e-09	0.145908
1.10534e-09	0.136148
1.10646e-09	0.126283
1.10757e-09	0.116317
1.10868e-09	0.106253
1.1098e-09	0.0960917
1.11091e-09	0.0858376
1.11202e-09	0.0754928
1.11314e-09	0.0650601
1.11425e-09	0.0545425
1.11536e-09	0.0439428
1.11648e-09	0.0332639
1.11759e-09	0.0225089
1.1187e-09	0.0116807
1.11981e-09	0.000782384
1.12093e-09	-0.0101829
1.12204e-09	-0.021212
1.12315e-09	-0.0323017
1.12427e-09	-0.0434488
1.12538e-09	-0.0546501
1.12649e-09	-0.0659022
1.12761e-09	-0.0772018
1.12872e-09	-0.0885455
1.12983e-09	-0.0999299
1.13095e-09	-0.111352
1.13206e-09	-0.122807
1.13317e-09	-0.134293
1.13429e-09	-0.145805
1.1354e-09	-0.157341
1.13651e-09	-0.168897
1.13763e-09	-0.180468
1.13874e-09	-0.192052
1.13985e-09	-0.203644
1.14096e-09	-0.215241
1.14208e-09	-0.22684
1.14319e-09	-0.238436
1.1443e-09	-0.250026
1.14542e-09	-0.261606
1.14653e-09	-0.273173
1.14764e-09	-0.284721
1.14876e-09	-0.296249
1.14987e-09	-0.307751
1.15098e-09	-0.319224
1.1521e-09	-0.330665
1.15321e-09	-0.342069
1.15432e-09	-0.353432
1.15544e-09	-0.36475
1.15655e-09	-0.376021
1.15766e-09	-0.387239
1.15877e-09	-0.398401
1.15989e-09	-0.409503
1.161e-09	-0.420542
1.16211e-09	-0.431513
1.16323e-09	-0.442412
1.16434e-09	-0.453236
1.16545e-09	-0.46398
1.16657e-09	-0.474641
1.16768e-09	-0.485216
1.16879e-09	-0.495699
1.16991e-09	-0.506088
1.17102e-09	-0.516379
1.17213e-09	-0.526568
1.17325e-09	-0.53665
1.17436e-09	-0.546623
1.17547e-09	-0.556482
1.17658e-09	-0.566224
1.1777e-09	-0.575845
1.17881e-09	-0.585342
1.17992e-09	-0.594711
1.18104e-09	-0.603948
1.18215e-09	-0.613049
1.18326e-09	-0.622012
1.18438e-09	-0.630832
1.18549e-09	-0.639506
1.1866e-09	-0.648031
1.18772e-09	-0.656403
1.18883e-09	-0.664619
1.18994e-09	-0.672675
1.19106e-09	-0.680568
1.19217e-09	-0.688296
1.19328e-09	-0.695854
1.19439e-09	-0.703239
1.19551e-09	-0.710449
1.19662e-09	-0.71748
1.19773e-09	-0.724329
1.19885e-09	-0.730994
1.19996e-09	-0.737471
1.20107e-09	-0.743757
1.20219e-09	-0.749849
1.2033e-09	-0.755746
1.20441e-09	-0.761443
1.20553e-09	-0.766939
1.20664e-09	-0.77223
1.20775e-09	-0.777315
1.20887e-09	-0.78219
1.20998e-09	-0.786854
1.21109e-09	-0.791303
1.21221e-09	-0.795536
1.21332e-09	-0.79955
1.21443e-09	-0.803343
1.21554e-09	-0.806913
1.21666e-09	-0.810258
1.21777e-09	-0.813376
1.21888e-09	-0.816265
1.22e-09	-0.818923
1.22111e-09	-0.821348
1.22222e-09	-0.82354
1.22334e-09	-0.825495
1.22445e-09	-0.827212
1.22556e-09	-0.828691
1.22668e-09	-0.82993
1.22779e-09	-0.830926
1.2289e-09	-0.83168
1.23002e-09	-0.832189
1.23113e-09	-0.832454
1.23224e-09	-0.832472
1.23335e-09	-0.832243
1.23447e-09	-0.831765
1.23558e-09	-0.831039
1.23669e-09	-0.830064
1.23781e-09	-0.828838
1.23892e-09	-0.827362
1.24003e-09	-0.825634
1.24115e-09	-0.823655
1.24226e-09	-0.821425
1.24337e-09	-0.818942
1.24449e-09	-0.816207
1.2456e-09	-0.813221
1.24671e-09	-0.809982
1.24783e-09	-0.806491
1.24894e-09	-0.802749
1.25005e-09	-0.798755
1.25116e-09	-0.79451
1.25228e-09	-0.790015
1.25339e-09	-0.785271
1.2545e-09	-0.780276
1.25562e-09	-0.775034
1.25673e-09	-0.769544
1.25784e-09	-0.763807
1.25896e-09	-0.757824
1.26007e-09	-0.751597
1.26118e-09	-0.745126
1.2623e-09	-0.738413
1.26341e-09	-0.731459
1.26452e-09	-0.724266
1.26564e-09	-0.716835
1.26675e-09	-0.709168
1.26786e-09	-0.701267
1.26898e-09	-0.693132
1.27009e-09	-0.684767
1.2712e-09	-0.676172
1.27231e-09	-0.667351
1.27343e-09	-0.658305
1.27454e-09	-0.649036
1.27565e-09	-0.639547
1.27677e-09	-0.629839
1.27788e-09	-0.619917
1.27899e-09	-0.609781
1.28011e-09	-0.599434
1.28122e-09	-0.58888
1.28233e-09	-0.578121
1.28345e-09	-0.567159
1.28456e-09	-0.555998
1.28567e-09	-0.544641
1.28679e-09	-0.533091
1.2879e-09	-0.52135
1.28901e-09	-0.509422
1.29012e-09	-0.497311
1.29124e-09	-0.485019
1.29235e-09	-0.47255
1.29346e-09	-0.459908
1.29458e-09	-0.447095
1.29569e-09	-0.434117
1.2968e-09	-0.420975
1.29792e-09	-0.407675
1.29903e-09	-0.39422
1.30014e-09	-0.380613
1.30126e-09	-0.366859
1.30237e-09	-0.352962
1.30348e-09	-0.338925
1.3046e-09	-0.324753
1.30571e-09	-0.31045
1.30682e-09	-0.29602
1.30793e-09	-0.281468
1.30905e-09	-0.266797
1.31016e-09	-0.252012
1.31127e-09	-0.237118
1.31239e-09	-0.222119
1.3135e-09	-0.207019
1.31461e-09	-0.191823
1.31573e-09	-0.176535
1.31684e-09	-0.161161
1.31795e-09	-0.145705
1.31907e-09	-0.130171
1.32018e-09	-0.114565
1.32129e-09	-0.0988901
1.32241e-09	-0.0831526
1.32352e-09	-0.0673567
1.32463e-09	-0.0515074
1.32575e-09	-0.0356095
1.32686e-09	-0.019668
1.32797e-09	-0.00368787
1.32908e-09	0.012326
1.3302e-09	0.0283686
1.33131e-09	0.0444349
1.33242e-09	0.0605199
1.33354e-09	0.0766185
1.33465e-09	0.0927257
1.33576e-09	0.108837
1.33688e-09	0.124946
1.33799e-09	0.141048
1.3391e-09	0.157139
1.34022e-09	0.173213
1.34133e-09	0.189266
1.34244e-09	0.205291
1.34356e-09	0.221284
1.34467e-09	0.23724
1.34578e-09	0.253153
1.34689e-09	0.269019
1.34801e-09	0.284833
1.34912e-09	0.300589
1.35023e-09	0.316283
1.35135e-09	0.331909
1.35246e-09	0.347462
1.35357e-09	0.362938
1.35469e-09	0.378331
1.3558e-09	0.393636
1.35691e-09	0.408849
1.35803e-09	0.423965
1.35914e-09	0.438977
1.36025e-09	0.453883
1.36137e-09	0.468677
1.36248e-09	0.483353
1.36359e-09	0.497908
1.3647e-09	0.512336
1.36582e-09	0.526634
1.36693e-09	0.540795
1.36804e-09	0.554816
1.36916e-09	0.568692
1.37027e-09	0.582419
1.37138e-09	0.595991
1.3725e-09	0.609405
1.37361e-09	0.622655
1.37472e-09	0.635739
1.37584e-09	0.648651
1.37695e-09	0.661387
1.37806e-09	0.673943
1.37918e-09	0.686315
1.38029e-09	0.698499
1.3814e-09	0.71049
1.38251e-09	0.722285
1.38363e-09	0.73388
1.38474e-09	0.745271
1.38585e-09	0.756454
1.38697e-09	0.767426
1.38808e-09	0.778183
1.38919e-09	0.788721
1.39031e-09	0.799037
1.39142e-09	0.809127
1.39253e-09	0.818989
1.39365e-09	0.828618
1.39476e-09	0.838012
1.39587e-09	0.847168
1.39699e-09	0.856081
1.3981e-09	0.864751
1.39921e-09	0.873173
1.40033e-09	0.881344
1.40144e-09	0.889263
1.40255e-09	0.896926
1.40366e-09	0.904331
1.40478e-09	0.911475
1.40589e-09	0.918357
1.407e-09	0.924973
1.40812e-09	0.931322
1.40923e-09	0.9374
1.41034e-09	0.943208
1.41146e-09	0.948741
1.41257e-09	0.954
1.41368e-09	0.958981
1.4148e-09	0.963683
1.41591e-09	0.968104
1.41702e-09	0.972244
1.41814e-09	0.9761
1.41925e-09	0.979672
1.42036e-09	0.982958
1.42147e-09	0.985957
1.42259e-09	0.988668
1.4237e-09	0.991091
1.42481e-09	0.993223
1.42593e-09	0.995066
1.42704e-09	0.996617
1.42815e-09	0.997877
1.42927e-09	0.998845
1.43038e-09	0.999521
1.43149e-09	0.999904
1.43261e-09	0.999995
1.43372e-09	0.999793
1.43483e-09	0.999298
1.43595e-09	0.998511
1.43706e-09	0.997432
1.43817e-09	0.996062
1.43928e-09	0.9944
1.4404e-09	0.992447
1.44151e-09	0.990204
1.44262e-09	0.987672
1.44374e-09	0.984851
1.44485e-09	0.981743
1.44596e-09	0.978348
1.44708e-09	0.974668
1.44819e-09	0.970704
1.4493e-09	0.966457
1.45042e-09	0.961928
1.45153e-09	0.95712
1.45264e-09	0.952033
1.45376e-09	0.94667
1.45487e-09	0.941032
1.45598e-09	0.935121
1.4571e-09	0.92894
1.45821e-09	0.922489
1.45932e-09	0.915772
1.46043e-09	0.90879
1.46155e-09	0.901547
1.46266e-09	0.894043
1.46377e-09	0.886283
1.46489e-09	0.878268
1.466e-09	0.87
1.46711e-09	0.861484
1.46823e-09	0.852722
1.46934e-09	0.843715
1.47045e-09	0.834469
1.47157e-09	0.824985
1.47268e-09	0.815267
1.47379e-09	0.805318
1.47491e-09	0.795142
1.47602e-09	0.784741
1.47713e-09	0.774119
1.47824e-09	0.76328
1.47936e-09	0.752228
1.48047e-09	0.740965
1.48158e-09	0.729496
1.4827e-09	0.717825
1.48381e-09	0.705954
1.48492e-09	0.693889
1.48604e-09	0.681634
1.48715e-09	0.669191
1.48826e-09	0.656566
1.48938e-09	0.643763
1.49049e-09	0.630785
1.4916e-09	0.617638
1.49272e-09	0.604324
1.49383e-09	0.59085
1.49494e-09	0.577218
1.49605e-09	0.563435
1.49717e-09	0.549503
1.49828e-09	0.535428
1.49939e-09	0.521214
1.50051e-09	0.506867
1.50162e-09	0.49239
1.50273e-09	0.477788
1.50385e-09	0.463066
1.50496e-09	0.44823
1.50607e-09	0.433283
1.50719e-09	0.41823
1.5083e-09	0.403077
1.50941e-09	0.387829
1.51053e-09	0.372489
1.51164e-09	0.357064
1.51275e-09	0.341559
1.51386e-09	0.325977
1.51498e-09	0.310325
1.51609e-09	0.294607
1.5172e-09	0.278828
1.51832e-09	0.262994
1.51943e-09	0.247109
1.52054e-09	0.231179
1.52166e-09	0.215208
1.52277e-09	0.199202
1.52388e-09	0.183166
1.525e-09	0.167105
1.52611e-09	0.151024
1.52722e-09	0.134928
1.52834e-09	0.118822
1.52945e-09	0.102712
1.53056e-09	0.0866019
1.53168e-09	0.0704974
1.53279e-09	0.0544033
1.5339e-09	0.0383248
1.53501e-09	0.022267
1.53613e-09	0.00623471
1.53724e-09	-0.00976692
1.53835e-09	-0.025733
1.53947e-09	-0.0416584
1.54058e-09	-0.0575384
1.54169e-09	-0.073368
1.54281e-09	-0.0891423
1.54392e-09	-0.104856
1.54503e-09	-0.120506
1.54615e-09	-0.136085
1.54726e-09	-0.15159
1.54837e-09	-0.167016
1.54949e-09	-0.182357
1.5506e-09	-0.197611
1.55171e-09	-0.21277
1.55282e-09	-0.227833
1.55394e-09	-0.242793
1.55505e-09	-0.257646
1.55616e-09	-0.272388
1.55728e-09	-0.287014
1.55839e-09	-0.30152
1.5595e-09	-0.315902
1.56062e-09	-0.330156
1.56173e-09	-0.344277
1.56284e-09	-0.358261
1.56396e-09	-0.372105
1.56507e-09	-0.385803
1.56618e-09	-0.399353
1.5673e-09	-0.41275
1.56841e-09	-0.42599
1.56952e-09	-0.43907
1.57063e-09	-0.451986
1.57175e-09	-0.464734
1.57286e-09	-0.477311
1.57397e-09	-0.489713
1.57509e-09	-0.501936
1.5762e-09	-0.513978
1.57731e-09	-0.525835
1.57843e-09	-0.537504
1.57954e-09	-0.548981
1.58065e-09	-0.560264
1.58177e-09	-0.57135
1.58288e-09	-0.582235
1.58399e-09	-0.592917
1.58511e-09	-0.603392
1.58622e-09	-0.613659
1.58733e-09	-0.623714
1.58845e-09	-0.633555
1.58956e-09	-0.64318
1.59067e-09	-0.652586
1.59178e-09	-0.66177
1.5929e-09	-0.670731
1.59401e-09	-0.679466
1.59512e-09	-0.687974
1.59624e-09	-0.696252
1.59735e-09	-0.704298
1.59846e-09	-0.712111
1.59958e-09	-0.719688
1.60069e-09	-0.727029
1.6018e-09	-0.734131
1.60292e-09	-0.740993
1.60403e-09	-0.747614
1.60514e-09	-0.753993
1.60626e-09	-0.760127
1.60737e-09	-0.766016
1.60848e-09	-0.77166
1.60959e-09	-0.777056
1.61071e-09	-0.782204
1.61182e-09	-0.787104
1.61293e-09	-0.791754
1.61405e-09	-0.796154
1.61516e-09	-0.800303
1.61627e-09	-0.804201
1.61739e-09	-0.807848
1.6185e-09	-0.811243
1.61961e-09	-0.814386
1.62073e-09	-0.817277
1.62184e-09	-0.819916
1.62295e-09	-0.822302
1.62407e-09	-0.824437
1.62518e-09	-0.826321
1.62629e-09	-0.827953
1.6274e-09	-0.829334
1.62852e-09	-0.830464
1.62963e-09	-0.831345
1.63074e-09	-0.831976
1.63186e-09	-0.832359
1.63297e-09	-0.832494
1.63408e-09	-0.832382
1.6352e-09	-0.832025
1.63631e-09	-0.831422
1.63742e-09	-0.830576
1.63854e-09	-0.829487
1.63965e-09	-0.828157
1.64076e-09	-0.826588
1.64188e-09	-0.824779
1.64299e-09	-0.822734
1.6441e-09	-0.820454
1.64522e-09	-0.81794
1.64633e-09	-0.815194
1.64744e-09	-0.812217
1.64855e-09	-0.809013
1.64967e-09	-0.805582
1.65078e-09	-0.801927
1.65189e-09	-0.79805
1.65301e-09	-0.793952
1.65412e-09	-0.789637
1.65523e-09	-0.785106
1.65635e-09	-0.780362
1.65746e-09	-0.775407
1.65857e-09	-0.770243
1.65969e-09	-0.764874
1.6608e-09	-0.759301
1.66191e-09	-0.753528
1.66303e-09	-0.747556
1.66414e-09	-0.74139
1.66525e-09	-0.735031
1.66636e-09	-0.728482
1.66748e-09	-0.721747
1.66859e-09	-0.714828
1.6697e-09	-0.707729
1.67082e-09	-0.700452
1.67193e-09	-0.693001
1.67304e-09	-0.685378
1.67416e-09	-0.677587
1.67527e-09	-0.669631
1.67638e-09	-0.661514
1.6775e-09	-0.653238
1.67861e-09	-0.644808
1.67972e-09	-0.636226
1.68084e-09	-0.627496
1.68195e-09	-0.618621
1.68306e-09	-0.609605
1.68417e-09	-0.600452
1.68529e-09	-0.591165
1.6864e-09	-0.581747
1.68751e-09	-0.572202
1.68863e-09	-0.562535
1.68974e-09	-0.552748
1.69085e-09	-0.542845
1.69197e-09	-0.53283
1.69308e-09	-0.522707
1.69419e-09	-0.512479
1.69531e-09	-0.50215
1.69642e-09	-0.491725
1.69753e-09	-0.481206
1.69865e-09	-0.470599
1.69976e-09	-0.459905
1.70087e-09	-0.44913
1.70198e-09	-0.438277
1.7031e-09	-0.42735
1.70421e-09	-0.416353
1.70532e-09	-0.40529
1.70644e-09	-0.394165
1.70755e-09	-0.382981
1.70866e-09	-0.371742
1.70978e-09	-0.360453
1.71089e-09	-0.349117
1.712e-09	-0.337738
1.71312e-09	-0.32632
1.71423e-09	-0.314867
1.71534e-09	-0.303382
1.71646e-09	-0.29187
1.71757e-09	-0.280334
1.71868e-09	-0.268778
1.7198e-09	-0.257206
1.72091e-09	-0.245621
1.72202e-09	-0.234028
1.72313e-09	-0.222431
1.72425e-09	-0.210832
1.72536e-09	-0.199236
1.72647e-09	-0.187647
1.72759e-09	-0.176067
1.7287e-09	-0.164502
1.72981e-09	-0.152953
1.73093e-09	-0.141426
1.73204e-09	-0.129923
1.73315e-09	-0.118449
1.73427e-09	-0.107006
1.73538e-09	-0.0955976
1.73649e-09	-0.0842282
1.73761e-09	-0.0729009
1.73872e-09	-0.0616189
1.73983e-09	-0.0503858
1.74094e-09	-0.0392047
1.74206e-09	-0.028079
1.74317e-09	-0.017012
1.74428e-09	-0.00600677
1.7454e-09	0.0049334
1.74651e-09	0.0158054
1.74762e-09	0.0266062
1.74874e-09	0.0373326
1.74985e-09	0.0479817
1.75096e-09	0.0585506
1.75208e-09	0.0690362
1.75319e-09	0.0794358
1.7543e-09	0.0897465
1.75542e-09	0.0999655
1.75653e-09	0.11009
1.75764e-09	0.120118
1.75875e-09	0.130045
1.75987e-09	0.139871
1.76098e-09	0.149591
1.76209e-09	0.159204
1.76321e-09	0.168708
1.76432e-09	0.178099
1.76543e-09	0.187376
1.76655e-09	0.196536
1.76766e-09	0.205577
1.76877e-09	0.214496
1.76989e-09	0.223293
1.771e-09	0.231964
1.77211e-09	0.240508
1.77323e-09	0.248922
1.77434e-09	0.257206
1.77545e-09	0.265356
1.77657e-09	0.273372
1.77768e-09	0.281251
1.77879e-09	0.288992
1.7799e-09	0.296593
1.78102e-09	0.304053
1.78213e-09	0.31137
1.78324e-09	0.318543
1.78436e-09	0.32557
1.78547e-09	0.33245
1.78658e-09	0.339182
1.7877e-09	0.345765
1.78881e-09	0.352197
1.78992e-09	0.358478
1.79104e-09	0.364606
1.79215e-09	0.370581
1.79326e-09	0.376401
1.79438e-09	0.382065
1.79549e-09	0.387574
1.7966e-09	0.392926
1.79771e-09	0.39812
1.79883e-09	0.403157
1.79994e-09	0.408035
1.80105e-09	0.412753
1.80217e-09	0.417313
1.80328e-09	0.421712
1.80439e-09	0.425951
1.80551e-09	0.430029
1.80662e-09	0.433947
1.80773e-09	0.437704
1.80885e-09	0.4413
1.80996e-09	0.444736
1.81107e-09	0.44801
1.81219e-09	0.451123
1.8133e-09	0.454076
1.81441e-09	0.456868
1.81552e-09	0.4595
1.81664e-09	0.461972
1.81775e-09	0.464284
1.81886e-09	0.466437
1.81998e-09	0.468432
1.82109e-09	0.470268
1.8222e-09	0.471946
1.82332e-09	0.473467
1.82443e-09	0.474832
1.82554e-09	0.476041
1.82666e-09	0.477095
1.82777e-09	0.477994
1.82888e-09	0.478741
1.83e-09	0.479335
1.83111e-09	0.479777
1.83222e-09	0.480069
1.83334e-09	0.480211
1.83445e-09	0.480205
1.83556e-09	0.480052
1.83667e-09	0.479752
1.83779e-09	0.479308
1.8389e-09	0.47872
1.84001e-09	0.477989
1.84113e-09	0.477118
1.84224e-09	0.476107
1.84335e-09	0.474957
1.84447e-09	0.473671
1.84558e-09	0.472249
1.84669e-09	0.470693
1.84781e-09	0.469005
1.84892e-09	0.467187
1.85003e-09	0.465239
1.85115e-09	0.463164
1.85226e-09	0.460963
1.85337e-09	0.458638
1.85448e-09	0.45619
1.8556e-09	0.453622
1.85671e-09	0.450935
1.85782e-09	0.448132
1.85894e-09	0.445213
1.86005e-09	0.442181
1.86116e-09	0.439037
1.86228e-09	0.435785
1.86339e-09	0.432424
1.8645e-09	0.428959
1.86562e-09	0.42539
1.86673e-09	0.421719
1.86784e-09	0.417949
1.86896e-09	0.414082
1.87007e-09	0.410119
1.87118e-09	0.406063
1.87229e-09	0.401916
1.87341e-09	0.39768
1.87452e-09	0.393357
1.87563e-09	0.388949
1.87675e-09	0.384459
1.87786e-09	0.379888
1.87897e-09	0.375239
1.88009e-09	0.370514
1.8812e-09	0.365715
1.88231e-09	0.360845
1.88343e-09	0.355905
1.88454e-09	0.350897
1.88565e-09	0.345825
1.88677e-09	0.34069
1.88788e-09	0.335495
1.88899e-09	0.330241
1.8901e-09	0.324931
1.89122e-09	0.319567
1.89233e-09	0.314151
1.89344e-09	0.308686
1.89456e-09	0.303174
1.89567e-09	0.297617
1.89678e-09	0.292018
1.8979e-09	0.286377
1.89901e-09	0.280699
1.90012e-09	0.274984
1.90124e-09	0.269236
1.90235e-09	0.263456
1.90346e-09	0.257647
1.90458e-09	0.25181
1.90569e-09	0.245948
1.9068e-09	0.240063
1.90792e-09	0.234158
1.90903e-09	0.228234
1.91014e-09	0.222293
1.91125e-09	0.216338
1.91237e-09	0.210371
1.91348e-09	0.204393
1.91459e-09	0.198407
1.91571e-09	0.192416
1.91682e-09	0.18642
1.91793e-09	0.180422
1.91905e-09	0.174425
1.92016e-09	0.168429
1.92127e-09	0.162437
1.92239e-09	0.156452
1.9235e-09	0.150474
1.92461e-09	0.144506
1.92573e-09	0.138549
1.92684e-09	0.132607
1.92795e-09	0.126679
1.92906e-09	0.120769
1.93018e-09	0.114878
1.93129e-09	0.109008
1.9324e-09	0.10316
1.93352e-09	0.0973369
1.93463e-09	0.0915397
1.93574e-09	0.0857702
1.93686e-09	0.0800302
1.93797e-09	0.0743212
1.93908e-09	0.0686448
1.9402e-09	0.0630027
1.94131e-09	0.0573963
1.94242e-09	0.0518273
1.94354e-09	0.0462971
1.94465e-09	0.0408072
1.94576e-09	0.0353591
1.94687e-09	0.0299542
1.94799e-09	0.0245938
1.9491e-09	0.0192793
1.95021e-09	0.0140121
1.95133e-09	0.00879349
1.95244e-09	0.0036247
1.95355e-09	-0.001493
1.95467e-09	-0.00655841
1.95578e-09	-0.0115703
1.95689e-09	-0.0165276
1.95801e-09	-0.0214291
1.95912e-09	-0.0262738
1.96023e-09	-0.0310605
1.96135e-09	-0.0357883
1.96246e-09	-0.0404561
1.96357e-09	-0.0450629
1.96469e-09	-0.0496079
1.9658e-09	-0.0540902
1.96691e-09	-0.0585087
1.96802e-09	-0.0628628
1.96914e-09	-0.0671515
1.97025e-09	-0.0713742
1.97136e-09	-0.0755299
1.97248e-09	-0.0796181
1.97359e-09	-0.083638
1.9747e-09	-0.087589
1.97582e-09	-0.0914704
1.97693e-09	-0.0952817
1.97804e-09	-0.0990222
1.97916e-09	-0.102691
1.98027e-09	-0.106289
1.98138e-09	-0.109814
1.9825e-09	-0.113267
1.98361e-09	-0.116646
1.98472e-09	-0.119952
1.98583e-09	-0.123184
1.98695e-09	-0.126342
1.98806e-09	-0.129425
1.98917e-09	-0.132434
1.99029e-09	-0.135368
1.9914e-09	-0.138226
1.99251e-09	-0.141009
1.99363e-09	-0.143717
1.99474e-09	-0.146349
1.99585e-09	-0.148905
1.99697e-09	-0.151385
1.99808e-09	-0.15379
1.99919e-09	-0.156119
2.00031e-09	-0.158372
2.00142e-09	-0.160549
2.00253e-09	-0.16265
2.00364e-09	-0.164676
2.00476e-09	-0.166627
2.00587e-09	-0.168502
2.00698e-09	-0.170302
2.0081e-09	-0.172026
2.00921e-09	-0.173676
2.01032e-09	-0.175252
2.01144e-09	-0.176753
2.01255e-09	-0.178181
2.01366e-09	-0.179535
2.01478e-09	-0.180815
2.01589e-09	-0.182023
2.017e-09	-0.183158
2.01812e-09	-0.184221
2.01923e-09	-0.185212
2.02034e-09	-0.186133
2.02146e-09	-0.186982
2.02257e-09	-0.187761
2.02368e-09	-0.18847
2.02479e-09	-0.18911
2.02591e-09	-0.189682
2.02702e-09	-0.190185
2.02813e-09	-0.190621
2.02925e-09	-0.19099
2.03036e-09	-0.191292
2.03147e-09	-0.191529
2.03259e-09	-0.191701
2.0337e-09	-0.191809
2.03481e-09	-0.191853
2.03593e-09	-0.191834
2.03704e-09	-0.191753
2.03815e-09	-0.19161
2.03927e-09	-0.191407
2.04038e-09	-0.191144
2.04149e-09	-0.190821
2.0426e-09	-0.19044
2.04372e-09	-0.190002
2.04483e-09	-0.189506
2.04594e-09	-0.188955
2.04706e-09	-0.188349
2.04817e-09	-0.187688
2.04928e-09	-0.186974
2.0504e-09	-0.186207
2.05151e-09	-0.185389
2.05262e-09	-0.184519
2.05374e-09	-0.1836
2.05485e-09	-0.182632
2.05596e-09	-0.181616
2.05708e-09	-0.180552
2.05819e-09	-0.179442
2.0593e-09	-0.178287
2.06041e-09	-0.177088
2.06153e-09	-0.175844
2.06264e-09	-0.174559
2.06375e-09	-0.173231
2.06487e-09	-0.171863
2.06598e-09	-0.170456
2.06709e-09	-0.169009
2.06821e-09	-0.167525
2.06932e-09	-0.166004
2.07043e-09	-0.164447
2.07155e-09	-0.162856
2.07266e-09	-0.16123
2.07377e-09	-0.159571
2.07489e-09	-0.157881
2.076e-09	-0.156159
2.07711e-09	-0.154407
2.07822e-09	-0.152627
2.07934e-09	-0.150818
2.08045e-09	-0.148982
2.08156e-09	-0.14712
2.08268e-09	-0.145233
2.08379e-09	-0.143321
2.0849e-09	-0.141386
2.08602e-09	-0.139429
2.08713e-09	-0.137451
2.08824e-09	-0.135452
2.08936e-09	-0.133434
2.09047e-09	-0.131397
2.09158e-09	-0.129343
2.0927e-09	-0.127271
2.09381e-09	-0.125185
2.09492e-09	-0.123083
2.09604e-09	-0.120968
2.09715e-09	-0.118839
2.09826e-09	-0.116699
2.09937e-09	-0.114547
2.10049e-09	-0.112385
2.1016e-09	-0.110214
2.10271e-09	-0.108034
2.10383e-09	-0.105846
2.10494e-09	-0.103652
2.10605e-09	-0.101452
2.10717e-09	-0.0992461
2.10828e-09	-0.0970365
2.10939e-09	-0.0948235
2.11051e-09	-0.0926078
2.11162e-09	-0.0903903
2.11273e-09	-0.0881718
2.11385e-09	-0.0859531
2.11496e-09	-0.083735
2.11607e-09	-0.0815182
2.11718e-09	-0.0793036
2.1183e-09	-0.0770917
2.11941e-09	-0.0748835
2.12052e-09	-0.0726795
2.12164e-09	-0.0704807
2.12275e-09	-0.0682875
2.12386e-09	-0.0661008
2.12498e-09	-0.0639212
2.12609e-09	-0.0617494
2.1272e-09	-0.0595861
2.12832e-09	-0.0574319
2.12943e-09	-0.0552875
2.13054e-09	-0.0531534
2.13166e-09	-0.0510304
2.13277e-09	-0.0489189
2.13388e-09	-0.0468197
2.13499e-09	-0.0447332
2.13611e-09	-0.04266
2.13722e-09	-0.0406008
2.13833e-09	-0.038556
2.13945e-09	-0.0365262
2.14056e-09	-0.0345119
2.14167e-09	-0.0325135
2.14279e-09	-0.0305317
2.1439e-09	-0.0285669
2.14501e-09	-0.0266194
2.14613e-09	-0.0246899
2.14724e-09	-0.0227788
2.14835e-09	-0.0208864
2.14947e-09	-0.0190132
2.15058e-09	-0.0171596
2.15169e-09	-0.015326
2.15281e-09	-0.0135128
2.15392e-09	-0.0117203
2.15503e-09	-0.00994892
2.15614e-09	-0.00819898
2.15726e-09	-0.00647081
2.15837e-09	-0.00476474
2.15948e-09	-0.00308107
2.1606e-09	-0.00142008
2.16171e-09	0.000217928
2.16282e-09	0.0018327
2.16394e-09	0.00342397
2.16505e-09	0.0049915
2.16616e-09	0.00653506
2.16728e-09	0.00805442
2.16839e-09	0.00954937
2.1695e-09	0.0110197
2.17062e-09	0.0124653
2.17173e-09	0.0138859
2.17284e-09	0.0152814
2.17395e-09	0.0166516
2.17507e-09	0.0179965
2.17618e-09	0.0193157
2.17729e-09	0.0206094
2.17841e-09	0.0218773
2.17952e-09	0.0231193
2.18063e-09	0.0243354
2.18175e-09	0.0255255
2.18286e-09	0.0266895
2.18397e-09	0.0278275
2.18509e-09	0.0289392
2.1862e-09	0.0300248
2.18731e-09	0.0310842
2.18843e-09	0.0321174
2.18954e-09	0.0331244
2.19065e-09	0.0341051
2.19176e-09	0.0350597
2.19288e-09	0.0359881
2.19399e-09	0.0368905
2.1951e-09	0.0377667
2.19622e-09	0.038617
2.19733e-09	0.0394413
2.19844e-09	0.0402398
2.19956e-09	0.0410124
2.20067e-09	0.0417594
2.20178e-09	0.0424808
2.2029e-09	0.0431767
2.20401e-09	0.0438473
2.20512e-09	0.0444926
2.20624e-09	0.0451128
2.20735e-09	0.0457081
2.20846e-09	0.0462785
2.20958e-09	0.0468243
2.21069e-09	0.0473456
2.2118e-09	0.0478426
2.21291e-09	0.0483154
2.21403e-09	0.0487642
2.21514e-09	0.0491893
2.21625e-09	0.0495908
2.21737e-09	0.0499689
2.21848e-09	0.0503238
2.21959e-09	0.0506557
2.22071e-09	0.0509649
2.22182e-09	0.0512516
2.22293e-09	0.051516
2.22405e-09	0.0517584
2.22516e-09	0.0519789
2.22627e-09	0.0521778
2.22739e-09	0.0523555
2.2285e-09	0.052512
2.22961e-09	0.0526478
2.23072e-09	0.052763
2.23184e-09	0.0528579
2.23295e-09	0.0529328
2.23406e-09	0.0529879
2.23518e-09	0.0530236
2.23629e-09	0.0530401
2.2374e-09	0.0530377
2.23852e-09	0.0530167
2.23963e-09	0.0529774
2.24074e-09	0.05292
2.24186e-09	0.0528449
2.24297e-09	0.0527524
2.24408e-09	0.0526427
2.2452e-09	0.0525162
2.24631e-09	0.0523732
2.24742e-09	0.0522139
2.24853e-09	0.0520387
2.24965e-09	0.0518478
2.25076e-09	0.0516417
2.25187e-09	0.0514206
2.25299e-09	0.0511848
2.2541e-09	0.0509346
2.25521e-09	0.0506704
2.25633e-09	0.0503924
2.25744e-09	0.050101
2.25855e-09	0.0497965
2.25967e-09	0.0494792
2.26078e-09	0.0491494
2.26189e-09	0.0488075
2.26301e-09	0.0484537
2.26412e-09	0.0480883
2.26523e-09	0.0477118
2.26634e-09	0.0473243
2.26746e-09	0.0469263
2.26857e-09	0.046518
2.26968e-09	0.0460997
2.2708e-09	0.0456717
2.27191e-09	0.0452345
2.27302e-09	0.0447882
2.27414e-09	0.0443331
2.27525e-09	0.0438697
2.27636e-09	0.0433981
2.27748e-09	0.0429187
2.27859e-09	0.0424319
2.2797e-09	0.0419378
2.28082e-09	0.0414368
2.28193e-09	0.0409292
2.28304e-09	0.0404152
2.28416e-09	0.0398953
2.28527e-09	0.0393696
2.28638e-09	0.0388384
2.28749e-09	0.0383021
2.28861e-09	0.0377609
2.28972e-09	0.0372152
2.29083e-09	0.036665
2.29195e-09	0.0361109
2.29306e-09	0.0355529
2.29417e-09	0.0349915
2.29529e-09	0.0344268
2.2964e-09	0.0338592
2.29751e-09	0.0332888
2.29863e-09	0.032716
2.29974e-09	0.0321409
2.30085e-09	0.0315639
2.30197e-09	0.0309852
2.30308e-09	0.0304051
2.30419e-09	0.0298237
2.3053e-09	0.0292414
2.30642e-09	0.0286582
2.30753e-09	0.0280746
2.30864e-09	0.0274907
2.30976e-09	0.0269068
2.31087e-09	0.0263229
2.31198e-09	0.0257395
2.3131e-09	0.0251567
2.31421e-09	0.0245746
2.31532e-09	0.0239935
2.31644e-09	0.0234137
2.31755e-09	0.0228353
2.31866e-09	0.0222584
2.31978e-09	0.0216834
2.32089e-09	0.0211103
2.322e-09	0.0205393
2.32311e-09	0.0199708
2.32423e-09	0.0194047
2.32534e-09	0.0188413
2.32645e-09	0.0182808
2.32757e-09	0.0177233
2.32868e-09	0.017169
2.32979e-09	0.016618
2.33091e-09	0.0160705
2.33202e-09	0.0155266
2.33313e-09	0.0149865
2.33425e-09	0.0144503
2.33536e-09	0.0139182
2.33647e-09	0.0133903
2.33759e-09	0.0128667
2.3387e-09	0.0123476
2.33981e-09	0.011833
2.34093e-09	0.0113231
2.34204e-09	0.010818
2.34315e-09	0.0103178
2.34426e-09	0.00982266
2.34538e-09	0.00933261
2.34649e-09	0.00884779
2.3476e-09	0.00836828
2.34872e-09	0.00789417
2.34983e-09	0.00742556
2.35094e-09	0.00696252
2.35206e-09	0.00650515
2.35317e-09	0.00605351
2.35428e-09	0.00560768
2.3554e-09	0.00516773
2.35651e-09	0.00473372
2.35762e-09	0.00430572
2.35874e-09	0.00388379
2.35985e-09	0.00346798
2.36096e-09	0.00305835
2.36207e-09	0.00265495
2.36319e-09	0.00225781
2.3643e-09	0.001867
2.36541e-09	0.00148253
2.36653e-09	0.00110446
2.36764e-09	0.000732812
2.36875e-09	0.000367617
2.36987e-09	8.90375e-06
2.37098e-09	-0.000343305
2.37209e-09	-0.000688988
2.37321e-09	-0.00102813
2.37432e-09	-0.00136071
2.37543e-09	-0.00168672
2.37655e-09	-0.00200615
2.37766e-09	-0.00231899
2.37877e-09	-0.00262524
2.37988e-09	-0.0029249
2.381e-09	-0.00321797
2.38211e-09	-0.00350445
2.38322e-09	-0.00378435
2.38434e-09	-0.00405768
2.38545e-09	-0.00432446
2.38656e-09	-0.00458468
2.38768e-09	-0.00483839
2.38879e-09	-0.00508558
2.3899e-09	-0.00532628
2.39102e-09	-0.00556052
2.39213e-09	-0.00578832
2.39324e-09	-0.0060097
2.39436e-09	-0.00622471
2.39547e-09	-0.00643336
2.39658e-09	-0.0066357
2.3977e-09	-0.00683175
2.39881e-09	-0.00702156
2.39992e-09	-0.00720517
2.40103e-09	-0.00738262
2.40215e-09	-0.00755394
2.40326e-09	-0.00771919
2.40437e-09	-0.00787842
2.40549e-09	-0.00803166
2.4066e-09	-0.00817897
2.40771e-09	-0.0083204
2.40883e-09	-0.008456
2.40994e-09	-0.00858583
2.41105e-09	-0.00870994
2.41217e-09	-0.00882838
2.41328e-09	-0.00894122
2.41439e-09	-0.00904852
2.41551e-09	-0.00915033
2.41662e-09	-0.00924672
2.41773e-09	-0.00933775
2.41884e-09	-0.00942348
2.41996e-09	-0.00950397
2.42107e-09	-0.0095793
2.42218e-09	-0.00964953
2.4233e-09	-0.00971473
2.42441e-09	-0.00977495
2.42552e-09	-0.00983028
2.42664e-09	-0.00988079
2.42775e-09	-0.00992653
2.42886e-09	-0.00996759
2.42998e-09	-0.010004
2.43109e-09	-0.0100359
2.4322e-09	-0.0100634
2.43332e-09	-0.0100864
2.43443e-09	-0.0101051
2.43554e-09	-0.0101196
2.43665e-09	-0.0101299
2.43777e-09	-0.0101361
2.43888e-09	-0.0101382
2.43999e-09	-0.0101365
2.44111e-09	-0.0101308
2.44222e-09	-0.0101213
2.44333e-09	-0.0101082
2.44445e-09	-0.0100913
2.44556e-09	-0.0100709
2.44667e-09	-0.010047
2.44779e-09	-0.0100197
2.4489e-09	-0.00998908
2.45001e-09	-0.00995516
2.45113e-09	-0.00991805
2.45224e-09	-0.00987783
2.45335e-09	-0.00983457
2.45446e-09	-0.00978834
2.45558e-09	-0.00973923
2.45669e-09	-0.00968731
2.4578e-09	-0.00963264
2.45892e-09	-0.00957532
2.46003e-09	-0.0095154
2.46114e-09	-0.00945297
2.46226e-09	-0.0093881
2.46337e-09	-0.00932087
2.46448e-09	-0.00925133
2.4656e-09	-0.00917958
2.46671e-09	-0.00910567
2.46782e-09	-0.00902968
2.46894e-09	-0.00895169
2.47005e-09	-0.00887175
2.47116e-09	-0.00878995
2.47228e-09	-0.00870635
2.47339e-09	-0.00862102
2.4745e-09	-0.00853403
2.47561e-09	-0.00844545
2.47673e-09	-0.00835534
2.47784e-09	-0.00826376
2.47895e-09	-0.00817079
2.48007e-09	-0.00807649
2.48118e-09	-0.00798093
2.48229e-09	-0.00788416
2.48341e-09	-0.00778625
2.48452e-09	-0.00768727
2.48563e-09	-0.00758727
2.48675e-09	-0.00748631
2.48786e-09	-0.00738445
2.48897e-09	-0.00728176
2.49009e-09	-0.00717829
2.4912e-09	-0.0070741
2.49231e-09	-0.00696925
2.49342e-09	-0.00686378
2.49454e-09	-0.00675776
2.49565e-09	-0.00665124
2.49676e-09	-0.00654428
2.49788e-09	-0.00643692
2.49899e-09	-0.00632922
2.5001e-09	-0.00622122
2.50122e-09	-0.00611299
2.50233e-09	-0.00600456
2.50344e-09	-0.00589598
2.50456e-09	-0.00578731
2.50567e-09	-0.00567858
2.50678e-09	-0.00556985
2.5079e-09	-0.00546116
2.50901e-09	-0.00535255
2.51012e-09	-0.00524406
2.51123e-09	-0.00513574
2.51235e-09	-0.00502763
2.51346e-09	-0.00491977
2.51457e-09	-0.00481219
2.51569e-09	-0.00470493
2.5168e-09	-0.00459804
2.51791e-09	-0.00449155
2.51903e-09	-0.00438549
2.52014e-09	-0.0042799
2.52125e-09	-0.00417481
2.52237e-09	-0.00407026
2.52348e-09	-0.00396628
2.52459e-09	-0.00386289
2.52571e-09	-0.00376013
2.52682e-09	-0.00365804
2.52793e-09	-0.00355662
2.52905e-09	-0.00345593
2.53016e-09	-0.00335597
2.53127e-09	-0.00325678
2.53238e-09	-0.00315838
2.5335e-09	-0.0030608
2.53461e-09	-0.00296406
2.53572e-09	-0.00286819
2.53684e-09	-0.00277319
2.53795e-09	-0.0026791
2.53906e-09	-0.00258594
2.54018e-09	-0.00249372
2.54129e-09	-0.00240247
2.5424e-09	-0.00231219
2.54352e-09	-0.00222292
2.54463e-09	-0.00213466
2.54574e-09	-0.00204742
2.54686e-09	-0.00196124
2.54797e-09	-0.00187611
2.54908e-09	-0.00179205
2.55019e-09	-0.00170907
2.55131e-09	-0.0016272
2.55242e-09	-0.00154642
2.55353e-09	-0.00146677
2.55465e-09	-0.00138824
2.55576e-09	-0.00131085
2.55687e-09	-0.0012346
2.55799e-09	-0.00115951
2.5591e-09	-0.00108557
2.56021e-09	-0.0010128
2.56133e-09	-0.000941194
2.56244e-09	-0.000870769
2.56355e-09	-0.000801524
2.56467e-09	-0.000733463
2.56578e-09	-0.00066659
2.56689e-09	-0.000600907
2.568e-09	-0.000536417
2.56912e-09	-0.000473121
2.57023e-09	-0.00041102
2.57134e-09	-0.000350115
2.57246e-09	-0.000290406
2.57357e-09	-0.000231892
2.57468e-09	-0.000174572
2.5758e-09	-0.000118444
2.57691e-09	-6.35075e-05
2.57802e-09	-9.759e-06
2.57914e-09	4.28043e-05
2.58025e-09	9.41857e-05
2.58136e-09	0.000144389
2.58248e-09	0.000193419
2.58359e-09	0.000241279
2.5847e-09	0.000287975
2.58581e-09	0.000333513
2.58693e-09	0.000377898
2.58804e-09	0.000421137
2.58915e-09	0.000463235
2.59027e-09	0.000504201
2.59138e-09	0.000544041
2.59249e-09	0.000582763
2.59361e-09	0.000620375
2.59472e-09	0.000656886
2.59583e-09	0.000692302
2.59695e-09	0.000726635
2.59806e-09	0.000759893
2.59917e-09	0.000792084
2.60029e-09	0.00082322
2.6014e-09	0.000853309
2.60251e-09	0.000882362
2.60363e-09	0.00091039
2.60474e-09	0.000937403
2.60585e-09	0.000963411
2.60696e-09	0.000988427
2.60808e-09	0.00101246
2.60919e-09	0.00103552
2.6103e-09	0.00105763
2.61142e-09	0.00107879
2.61253e-09	0.00109901
2.61364e-09	0.00111831
2.61476e-09	0.0011367
2.61587e-09	0.00115419
2.61698e-09	0.00117079
2.6181e-09	0.00118652
2.61921e-09	0.00120139
2.62032e-09	0.00121541
2.62144e-09	0.0012286
2.62255e-09	0.00124097
2.62366e-09	0.00125253
2.62477e-09	0.00126329
2.62589e-09	0.00127327
2.627e-09	0.00128248
2.62811e-09	0.00129093
2.62923e-09	0.00129864
2.63034e-09	0.00130563
2.63145e-09	0.00131189
2.63257e-09	0.00131746
2.63368e-09	0.00132233
2.63479e-09	0.00132653
2.63591e-09	0.00133007
2.63702e-09	0.00133296
2.63813e-09	0.00133522
2.63925e-09	0.00133685
2.64036e-09	0.00133788
2.64147e-09	0.00133831
2.64258e-09	0.00133816
2.6437e-09	0.00133744
2.64481e-09	0.00133616
2.64592e-09	0.00133435
2.64704e-09	0.001332
2.64815e-09	0.00132914
2.64926e-09	0.00132578
2.65038e-09	0.00132193
2.65149e-09	0.0013176
2.6526e-09	0.00131281
2.65372e-09	0.00130757
2.65483e-09	0.00130189
2.65594e-09	0.00129578
2.65706e-09	0.00128926
2.65817e-09	0.00128234
2.65928e-09	0.00127503
2.6604e-09	0.00126734
2.66151e-09	0.00125929
2.66262e-09	0.00125089
2.66373e-09	0.00124215
2.66485e-09	0.00123308
2.66596e-09	0.00122369
2.66707e-09	0.00121399
2.66819e-09	0.001204
2.6693e-09	0.00119373
2.67041e-09	0.00118319
2.67153e-09	0.00117238
2.67264e-09	0.00116133
2.67375e-09	0.00115003
2.67487e-09	0.00113851
2.67598e-09	0.00112676
2.67709e-09	0.00111481
2.67821e-09	0.00110266
2.67932e-09	0.00109033
2.68043e-09	0.00107781
2.68154e-09	0.00106513
2.68266e-09	0.00105229
2.68377e-09	0.0010393
2.68488e-09	0.00102617
2.686e-09	0.0010129
2.68711e-09	0.00099952
2.68822e-09	0.000986022
2.68934e-09	0.000972421
2.69045e-09	0.000958723
2.69156e-09	0.000944938
2.69268e-09	0.000931073
2.69379e-09	0.000917137
2.6949e-09	0.000903137
2.69602e-09	0.000889082
2.69713e-09	0.000874979
2.69824e-09	0.000860835
2.69935e-09	0.000846658
2.70047e-09	0.000832455
2.70158e-09	0.000818232
2.70269e-09	0.000803997
2.70381e-09	0.000789756
2.70492e-09	0.000775516
2.70603e-09	0.000761284
2.70715e-09	0.000747064
2.70826e-09	0.000732864
2.70937e-09	0.000718689
2.71049e-09	0.000704546
2.7116e-09	0.000690439
2.71271e-09	0.000676374
2.71383e-09	0.000662357
2.71494e-09	0.000648392
2.71605e-09	0.000634485
2.71717e-09	0.00062064
2.71828e-09	0.000606863
2.71939e-09	0.000593157
2.7205e-09	0.000579528
2.72162e-09	0.00056598
2.72273e-09	0.000552516
2.72384e-09	0.000539141
2.72496e-09	0.000525858
2.72607e-09	0.000512672
2.72718e-09	0.000499586
2.7283e-09	0.000486604
2.72941e-09	0.000473729
2.73052e-09	0.000460963
2.73164e-09	0.000448311
2.73275e-09	0.000435775
2.73386e-09	0.000423359
2.73498e-09	0.000411064
2.73609e-09	0.000398893
2.7372e-09	0.00038685
2.73831e-09	0.000374935
2.73943e-09	0.000363152
2.74054e-09	0.000351503
2.74165e-09	0.00033999
2.74277e-09	0.000328614
2.74388e-09	0.000317377
2.74499e-09	0.000306281
2.74611e-09	0.000295329
2.74722e-09	0.00028452
2.74833e-09	0.000273857
2.74945e-09	0.000263341
2.75056e-09	0.000252972
2.75167e-09	0.000242753
2.75279e-09	0.000232684
2.7539e-09	0.000222765
2.75501e-09	0.000212999
2.75612e-09	0.000203385
2.75724e-09	0.000193924
2.75835e-09	0.000184616
2.75946e-09	0.000175463
2.76058e-09	0.000166464
2.76169e-09	0.00015762
2.7628e-09	0.00014893
2.76392e-09	0.000140396
2.76503e-09	0.000132017
2.76614e-09	0.000123793
2.76726e-09	0.000115724
2.76837e-09	0.00010781
2.76948e-09	0.00010005
2.7706e-09	9.24444e-05
2.77171e-09	8.4993e-05
2.77282e-09	7.7695e-05
2.77393e-09	7.055e-05
2.77505e-09	6.35574e-05
2.77616e-09	5.67167e-05
2.77727e-09	5.00272e-05
2.77839e-09	4.34881e-05
2.7795e-09	3.70988e-05
2.78061e-09	3.08582e-05
2.78173e-09	2.47657e-05
2.78284e-09	1.88203e-05
2.78395e-09	1.30209e-05
2.78507e-09	7.36667e-06
2.78618e-09	1.85643e-06
2.78729e-09	-3.51087e-06
2.78841e-09	-8.73639e-06
2.78952e-09	-1.38213e-05
2.79063e-09	-1.87668e-05
2.79175e-09	-2.35742e-05
2.79286e-09	-2.82447e-05
2.79397e-09	-3.27796e-05
2.79508e-09	-3.71804e-05
2.7962e-09	-4.14483e-05
2.79731e-09	-4.55849e-05
2.79842e-09	-4.95915e-05
2.79954e-09	-5.34695e-05
2.80065e-09	-5.72206e-05
2.80176e-09	-6.08461e-05
2.80288e-09	-6.43476e-05
2.80399e-09	-6.77267e-05
2.8051e-09	-7.0985e-05
2.80622e-09	-7.41239e-05
2.80733e-09	-7.71452e-05
2.80844e-09	-8.00505e-05
2.80956e-09	-8.28413e-05
2.81067e-09	-8.55194e-05
2.81178e-09	-8.80863e-05
2.81289e-09	-9.05439e-05
2.81401e-09	-9.28936e-05
2.81512e-09	-9.51374e-05
2.81623e-09	-9.72767e-05
2.81735e-09	-9.93134e-05
2.81846e-09	-0.000101249
2.81957e-09	-0.000103086
2.82069e-09	-0.000104825
2.8218e-09	-0.000106468
2.82291e-09	-0.000108017
2.82403e-09	-0.000109474
2.82514e-09	-0.00011084
2.82625e-09	-0.000112117
2.82737e-09	-0.000113308
2.82848e-09	-0.000114412
2.82959e-09	-0.000115433
2.8307e-09	-0.000116372
2.83182e-09	-0.000117231
2.83293e-09	-0.000118011
2.83404e-09	-0.000118714
2.83516e-09	-0.000119342
2.83627e-09	-0.000119897
2.83738e-09	-0.000120379
2.8385e-09	-0.000120792
2.83961e-09	-0.000121136
2.84072e-09	-0.000121413
2.84184e-09	-0.000121625
2.84295e-09	-0.000121773
2.84406e-09	-0.00012186
2.84518e-09	-0.000121886
2.84629e-09	-0.000121853
2.8474e-09	-0.000121763
2.84852e-09	-0.000121618
2.84963e-09	-0.000121418
2.85074e-09	-0.000121166
2.85185e-09	-0.000120863
2.85297e-09	-0.00012051
2.85408e-09	-0.000120109
2.85519e-09	-0.000119662
2.85631e-09	-0.00011917
2.85742e-09	-0.000118634
2.85853e-09	-0.000118056
2.85965e-09	-0.000117437
2.86076e-09	-0.000116779
2.86187e-09	-0.000116083
2.86299e-09	-0.00011535
2.8641e-09	-0.000114582
