% time-domain current integration by openEMS v0.37.0-rc1-11-gd3d2a49 @Wed Sep  2 22:39:02 2026
% start-coordinates: (-0.0016,0.0290652,0.0004) m -> [20,29,15]
% stop-coordinates: (0.0015,0.0298,0.0004) m -> [43,30,15]
% t/s	current
6.42063809049e-14	0
3.67902562585e-11	-6.64535022565e-08
7.35163061361e-11	-1.53475241405e-08
1.10242356014e-10	1.09261300452e-07
1.46968405891e-10	3.23899200794e-07
1.83694455769e-10	5.67131507978e-07
2.20420505647e-10	7.14803945812e-07
2.57146555524e-10	5.54852022105e-07
2.93872605402e-10	-1.64950662906e-07
3.30598655279e-10	-1.56472333401e-06
3.67324705157e-10	-3.39890448231e-06
4.04050755035e-10	-4.94952428198e-06
4.40776804912e-10	-5.0541998462e-06
4.7750285479e-10	-2.3653237804e-06
5.14228904668e-10	3.8957941797e-06
5.50954954545e-10	1.30946964418e-05
5.87681004423e-10	2.24333944061e-05
6.244070543e-10	2.70795317192e-05
6.61133104178e-10	2.14771025639e-05
6.97859154056e-10	1.94034964807e-06
7.34585203933e-10	-3.023451427e-05
7.71311253811e-10	-6.66394262225e-05
8.08037303688e-10	-9.23404440982e-05
8.44763353566e-10	-9.02654355741e-05
8.81489403444e-10	-4.86415156047e-05
9.18215453321e-10	3.08245980705e-05
9.54941503199e-10	0.00012833623623
9.91667553076e-10	0.000208612967981
1.02839360295e-09	0.000232131700614
1.06511965283e-09	0.000172023967025
1.10184570271e-09	3.01478066831e-05
1.13857175259e-09	-0.000156102119945
1.17529780246e-09	-0.000321864470607
1.21202385234e-09	-0.000397514901124
1.24874990222e-09	-0.000338332669344
1.2854759521e-09	-0.000148111837916
1.32220200198e-09	0.000115227907372
1.35892805185e-09	0.000357520329999
1.39565410173e-09	0.000484528020024
1.43238015161e-09	0.000441599229816
1.46910620149e-09	0.00023915800557
1.50583225136e-09	-4.87288780278e-05
1.54255830124e-09	-0.000313410389936
1.57928435112e-09	-0.000456227804534
1.616010401e-09	-0.000428873696364
1.65273645087e-09	-0.00025152717717
1.68946250075e-09	-1.21398238662e-06
1.72618855063e-09	0.000223381299293
1.76291460051e-09	0.000343802734278
1.79964065038e-09	0.00033133951365
1.83636670026e-09	0.000212238490349
1.87309275014e-09	4.88259756821e-05
1.90981880002e-09	-9.21048631426e-05
1.94654484989e-09	-0.000167750535184
1.98327089977e-09	-0.000172035361174
2.01999694965e-09	-0.000129371241201
2.05672299953e-09	-7.56031658966e-05
2.0934490494e-09	-3.75722083845e-05
2.13017509928e-09	-2.16925673158e-05
2.16690114916e-09	-1.57604044944e-05
2.20362719904e-09	-8.77257207321e-07
2.24035324892e-09	3.43454812537e-05
2.27707929879e-09	8.52656085044e-05
2.31380534867e-09	0.000132468121592
2.35053139855e-09	0.00015149943647
2.38725744843e-09	0.00012558317394
2.4239834983e-09	5.49484830117e-05
2.46070954818e-09	-4.15914655605e-05
2.49743559806e-09	-0.00013321901497
2.53416164794e-09	-0.000188757563592
2.57088769781e-09	-0.000188396690646
2.60761374769e-09	-0.000130935222842
2.64433979757e-09	-3.40947299264e-05
2.68106584745e-09	7.17639559298e-05
2.71779189732e-09	0.00015395473747
2.7545179472e-09	0.000188029021956
2.79124399708e-09	0.000165190402186
2.82797004696e-09	9.43582272157e-05
2.86469609683e-09	-1.36664039019e-06
2.90142214671e-09	-9.23541520024e-05
2.93814819659e-09	-0.000151907079271
2.97487424647e-09	-0.000163791934028
3.01160029635e-09	-0.00012681602675
3.04832634622e-09	-5.43057576579e-05
3.0850523961e-09	3.05461580865e-05
3.12177844598e-09	0.000102085119579
3.15850449586e-09	0.000139901865623
3.19523054573e-09	0.000134567177156
3.23195659561e-09	8.98356593098e-05
3.26868264549e-09	2.09093850572e-05
3.30540869537e-09	-5.06253709318e-05
3.34213474524e-09	-0.000103555277747
3.37886079512e-09	-0.000123223522678
3.415586845e-09	-0.000105558647192
3.45231289488e-09	-5.76854763494e-05
3.48903894475e-09	4.71729799756e-06
3.52576499463e-09	6.25026514172e-05
3.56249104451e-09	9.88843312371e-05
3.59921709439e-09	0.000104246631963
3.63594314426e-09	7.8604571172e-05
3.67266919414e-09	3.1106032111e-05
3.70939524402e-09	-2.30981058849e-05
3.7461212939e-09	-6.77087518852e-05
3.78284734378e-09	-9.00642990018e-05
3.81957339365e-09	-8.47175979288e-05
