% time-domain voltage integration by openEMS v0.37.0-rc1-11-gd3d2a49 @Wed Sep  2 22:39:02 2026
% start-coordinates: (0,0.0298,0) m -> [32,30,14]
% stop-coordinates: (0,0.0298,0.0016) m -> [32,30,18]
% t/s	voltage
0	-0
3.67260498776e-11	-2.91842786737e-06
7.34520997552e-11	-5.28553272261e-07
1.10178149633e-10	5.40071732757e-06
1.4690419951e-10	1.53564230914e-05
1.83630249388e-10	2.73906248367e-05
2.20356299266e-10	3.45316575476e-05
2.57082349143e-10	2.64233262897e-05
2.93808399021e-10	-8.09316748018e-06
3.30534448899e-10	-7.45656689105e-05
3.67260498776e-10	-0.000165184734215
4.03986548654e-10	-0.000247834657785
4.40712598531e-10	-0.000263855588855
4.77438648409e-10	-0.000145421501657
5.14164698287e-10	0.000154845893121
5.50890748164e-10	0.000616923061898
5.87616798042e-10	0.00111822370673
6.24342847919e-10	0.00142681397847
6.61068897797e-10	0.00125639562611
6.97794947675e-10	0.000383063932532
7.34520997552e-10	-0.00120146165136
7.7124704743e-10	-0.0031662908732
8.07973097308e-10	-0.00482602894772
8.44699147185e-10	-0.00529605580959
8.81425197063e-10	-0.00382222200278
9.1815124694e-10	-0.000181138510925
9.54877296818e-10	0.00500826525968
9.91603346696e-10	0.010250960011
1.02832939657e-09	0.0135240054224
1.06505544645e-09	0.0129721527919
1.10178149633e-09	0.00772018986754
1.13850754621e-09	-0.00152283333591
1.17523359608e-09	-0.0123863334302
1.21195964596e-09	-0.0214259359054
1.24868569584e-09	-0.0252412012778
1.28541174572e-09	-0.0217551891692
1.32213779559e-09	-0.0111494557932
1.35886384547e-09	0.00395287555875
1.39558989535e-09	0.0191900888458
1.43231594523e-09	0.0298523255624
1.4690419951e-09	0.0324674081057
1.50576804498e-09	0.0260117943399
1.54249409486e-09	0.0123001637403
1.57922014474e-09	-0.00459091644734
1.61594619462e-09	-0.0196606670506
1.65267224449e-09	-0.0286133331247
1.68939829437e-09	-0.0292124645784
1.72612434425e-09	-0.021907910239
1.76285039413e-09	-0.00954562332481
1.799576444e-09	0.00370979262516
1.83630249388e-09	0.0138370096684
1.87302854376e-09	0.0182766509242
1.90975459364e-09	0.0166476406157
1.94648064351e-09	0.0106387492269
1.98320669339e-09	0.00316096143797
2.01993274327e-09	-0.00286884891102
2.05665879315e-09	-0.00562125269789
2.09338484302e-09	-0.00491007440723
2.1301108929e-09	-0.00203036924358
2.16683694278e-09	0.000990469852695
2.20356299266e-09	0.00236729771132
2.24028904253e-09	0.00132891361136
2.27701509241e-09	-0.00161976888194
2.31374114229e-09	-0.00501120160334
2.35046719217e-09	-0.00712489592843
2.38719324204e-09	-0.00675920455251
2.42391929192e-09	-0.0037429164513
2.4606453418e-09	0.00100421327807
2.49737139168e-09	0.00584895559587
2.53409744156e-09	0.00908097065985
2.57082349143e-09	0.00954639934935
2.60754954131e-09	0.00704676983878
2.64427559119e-09	0.00238019676181
2.68100164107e-09	-0.00296008359874
2.71772769094e-09	-0.00730240927078
2.75445374082e-09	-0.00934030301869
2.7911797907e-09	-0.0085284137167
2.82790584058e-09	-0.00521637743805
2.86463189045e-09	-0.00049815303646
2.90135794033e-09	0.00415935635101
2.93808399021e-09	0.00736996927299
2.97481004009e-09	0.00825315457769
3.01153608996e-09	0.00666015362367
3.04826213984e-09	0.00318343384424
3.08498818972e-09	-0.00105588363658
3.1217142396e-09	-0.00476890557911
3.15844028947e-09	-0.00688772893045
3.19516633935e-09	-0.00686900119763
3.23189238923e-09	-0.00482639844995
3.26861843911e-09	-0.00146540784044
3.30534448899e-09	0.00215427036164
3.34207053886e-09	0.00495263724588
3.37879658874e-09	0.00614644063171
3.41552263862e-09	0.00546706758905
3.4522486885e-09	0.00321101176087
3.48897473837e-09	0.00012508052987
3.52570078825e-09	-0.00283823756035
3.56242683813e-09	-0.00481199461501
3.59915288801e-09	-0.0052658302011
3.63587893788e-09	-0.00414406938944
3.67260498776e-09	-0.00185823830543
3.70933103764e-09	0.000856830694829
3.74605708752e-09	0.0031797150732
3.78278313739e-09	0.00444579939358
3.81950918727e-09	0.00433612475172
